State,Location,AIAN,Asian,Black,Hispanic,White,Multi,Total
AL,town-distant,0.293739673,0.550761887,3.194418946,46.7413255,46.77804296,2.441711034,5447
AL,rural-distant,0.492350976,0.298927378,1.072621769,21.29417971,75.80446633,1.037453842,5687
AL,city-small,0.093270197,6.679581002,24.68072894,7.755775578,56.70110489,4.089539389,13938
AL,suburban-large,0.593869732,8.917624521,20.37356322,5.114942529,60.69923372,4.300766284,10440
AL,suburban-large,0.304105423,1.064368981,23.01064369,12.46832235,60.61834769,2.53421186,1973
AL,town-distant,0.502302219,1.17203851,1.967350356,29.76140645,63.75052323,2.846379238,2389
AL,suburban-large,0.330469266,1.960784314,11.76470588,1.54218991,81.60387751,2.797973122,4539
AL,town-distant,0,1.080196399,40,6.677577741,50.11456628,2.127659574,3055
AL,town-remote,0.172018349,1.662844037,30.56192661,2.236238532,62.90137615,2.46559633,1744
AL,city-small,0,0.193330111,90.23682939,3.624939584,4.639922668,1.30497825,2069
AL,rural-fringe,0.344563553,1.339969372,0.153139357,2.565084227,94.48698315,1.110260337,2612
AL,town-fringe,0.721709007,1.847575058,20.81408776,18.2448037,51.99191686,6.379907621,3464
AL,suburban-small,0.248292986,0.496585971,15.39416511,7.82122905,71.32216015,4.717566729,1611
AL,suburban-large,1.538965291,1.604453176,15.42239686,1.473477407,78.22527832,1.735428946,3054
AL,suburban-large,0.473484848,0.284090909,70.35984848,3.125,25.75757576,0,1056
AL,suburban-large,3.034580099,0.917431193,10.44460127,0.776287932,82.42766408,2.399435427,1417
AL,suburban-large,0.179914949,1.324828263,19.21818777,17.84429179,58.42329081,3.009486425,6114
AL,suburban-large,0.345803207,2.986482238,13.92643823,28.60735618,51.52467777,2.609242377,3181
AL,rural-fringe,0.070921986,6.666666667,6.808510638,7.872340426,52.76595745,25.81560284,1410
AL,city-small,0.070232939,10.61687932,25.10827578,4.740723399,57.94217488,1.521713684,8543
AL,suburban-large,0.279359622,2.610938004,24.91672934,2.804340819,67.27194585,2.116686365,9307
AL,rural-fringe,0.371628116,1.063625296,12.6129301,8.255910809,73.36451592,4.331389761,31214
AL,rural-remote,0.354191263,0,81.3459268,11.9244392,6.021251476,0.354191263,847
AL,suburban-large,0.138696255,0.027739251,89.65325936,8.016643551,1.997226075,0.166435506,3605
AL,town-distant,0.121543604,0.212701307,22.12093589,2.795502887,73.86812519,0.881191127,3291
AL,city-midsize,0.172726488,0.233180758,91.07435875,6.326107609,1.213403575,0.980222817,23158
AL,rural-distant,0.41062492,0.179648402,1.308866932,14.8209932,82.75375337,0.526113178,7793
AL,town-distant,0.359389039,0.718778077,34.95058401,1.976639712,61.18598383,0.808625337,1113
AL,town-distant,0,0.203252033,84.14634146,14.43089431,1.219512195,0,1476
AL,town-distant,0.223570744,0.670712233,62.88725647,1.085915043,33.95081444,1.181731076,3131
AL,rural-fringe,0.281278128,0.765076508,14.27767777,4.162916292,79.77047705,0.742574257,8888
AL,town-distant,0.191728294,0.547795125,47.6855656,2.300739523,48.31552999,0.958641468,3651
AL,rural-distant,6.41631435,0.472519274,5.073364835,1.268341209,85.94876896,0.82069137,4021
AL,rural-distant,0.167612171,0.42547705,11.74574523,14.4662197,71.13202682,2.06291903,7756
AL,rural-remote,0.14114326,0,66.90190543,0.423429781,32.03952011,0.494001411,1417
AL,town-remote,0.297287254,0.520252694,65.1802304,1.040505388,32.14418432,0.817539948,2691
AL,rural-distant,0.051652893,0.154958678,16.78719008,5.423553719,74.3285124,3.254132231,1936
AL,rural-distant,0.229533282,0.114766641,5.317521041,3.213465953,89.86228003,1.262433053,2614
AL,rural-distant,2.048417132,0.512104283,4.283054004,2.60707635,88.78026071,1.769087523,2148
AL,rural-fringe,0.305460099,0.458190149,12.94387171,3.474608629,80.83237877,1.985490645,2619
AL,rural-fringe,0.753498385,0.322927879,69.96770721,1.82992465,26.58772874,0.538213132,1858
AL,rural-remote,0.102040816,0.102040816,43.26530612,4.387755102,50,2.142857143,980
AL,rural-distant,0.320410125,0.801025312,6.119833387,1.217558475,90.22749119,1.313681512,3121
AL,rural-remote,0.17444396,0.56694287,30.70213694,2.136938509,64.98037505,1.439162669,2293
AL,town-distant,0.355526826,2.003878474,0.775694893,7.950872657,86.61926309,2.294764059,3094
AL,rural-distant,0.242692835,0.242692835,0.780837818,8.008863564,85.81829693,4.906616018,9477
AL,rural-distant,0.38277512,0.446570973,16.87400319,3.444976077,76.90590112,1.945773525,3135
AL,town-distant,0.796812749,1.394422311,30.97609562,14.34262948,48.00796813,4.482071713,1004
AL,rural-distant,0,0.190779014,76.37519873,0.413354531,22.54372019,0.476947536,3145
AL,rural-distant,13.07769035,0.14407625,0.942037017,29.83486645,55.53585282,0.465477114,9023
AL,city-small,0.332950631,1.262916188,30.1836969,25.86681975,38.62227325,3.731343284,8710
AL,town-remote,0.174216028,1.219512195,50.21777003,3.963414634,43.68466899,0.740418118,2296
AL,city-small,0.195376099,1.617279931,55.86671008,5.38369695,35.50417888,1.432758059,9213
AL,rural-remote,0.815660685,0.326264274,48.4502447,3.099510604,43.71941272,3.588907015,613
AL,suburban-large,0.332836997,0.867127967,26.9860734,4.037838311,65.02583866,2.750284663,11417
AL,town-distant,0.794100964,2.283040272,21.93703914,12.30856495,58.62166761,4.055587067,7052
AL,town-distant,4.695259594,0.180586907,41.28668172,1.941309255,49.97742664,1.918735892,4430
AL,suburban-small,0.308078503,1.141031492,3.320401643,3.468735737,91.15700593,0.604746691,8764
AL,rural-fringe,0.202582932,1.088883262,45.88503419,6.887819701,45.37857685,0.557103064,3949
AL,suburban-large,0.114942529,0.057471264,97.4137931,1.83908046,0.402298851,0.172413793,1740
AL,rural-distant,0,0.463157895,14.14736842,1.473684211,81.55789474,2.357894737,2375
AL,city-small,0.089485459,0.805369128,32.81879195,9.530201342,48.61297539,8.143176734,4470
AL,town-distant,1.14871158,0.931387768,3.539273518,37.96957467,54.23781434,2.173238125,3221
AL,rural-distant,0.471305794,0.277238703,1.303021902,13.66786803,83.36567785,0.914887718,3607
AL,city-small,0.290360046,0.909794812,46.98025552,12.95005807,37.53387534,1.335656214,5166
AL,rural-fringe,0.157604413,0.315208826,13.55397951,2.206461781,82.11189913,1.654846336,1269
AL,rural-distant,0.324324324,0.432432432,12.54054054,8.684684685,75.06306306,2.954954955,2775
AL,rural-distant,0,1.213171577,97.57365685,0.606585789,0.433275563,0.173310225,1154
AL,town-distant,0.355329949,1.675126904,8.730964467,7.614213198,76.54822335,5.076142132,1970
AL,town-fringe,0,0.038299502,68.09651475,1.608579088,29.72041363,0.536193029,2611
AL,rural-fringe,0.289687138,1.100811124,1.564310545,8.458864426,86.5585168,2.027809965,1726
AL,suburban-small,0.654205607,1.090342679,4.143302181,3.302180685,88.5046729,2.30529595,3210
AL,town-fringe,0.080353556,0.401767778,31.21735637,3.334672559,62.27400562,2.691844114,2489
AL,suburban-large,0.095923261,2.446043165,18.87290168,12.54196643,63.64508393,2.398081535,4170
AL,rural-fringe,0.205728755,0.316505776,15.8411141,4.969140687,76.91090362,1.756607058,6319
AL,city-midsize,0.478648131,2.068592358,40.1981187,12.19928411,39.24914676,5.806209939,24026
AL,rural-distant,12.76051188,0.29250457,3.053016453,4.552102377,78.09872029,1.243144424,5470
AL,city-small,0.251572327,1.446540881,31.69811321,2.893081761,63.27044025,0.440251572,1590
AL,town-distant,0.110375276,1.103752759,16.70345843,9.676232524,69.86754967,2.538631347,2718
AL,suburban-large,0.171816544,0.631841485,48.76264376,8.565886102,41.5463489,0.321463212,36085
AL,rural-remote,0,0.126796281,12.17244294,1.690617075,84.61538462,1.394759087,2366
AL,town-distant,0.451467269,0.564334086,79.45823928,8.35214447,9.029345372,2.144469526,886
AL,rural-distant,0.214056368,0.570816982,2.830300868,1.593530741,94.05398977,0.737305268,8409
AL,town-distant,11.9269861,0.477079444,9.956440572,3.401783862,71.74859988,2.489110143,4821
AL,suburban-large,0.455816845,0.631927898,22.95659381,5.635553714,66.59069719,3.729410546,9653
AL,rural-distant,0.564665002,0.640677598,8.165924639,10.23998263,78.56444782,1.824302313,9209
AL,rural-remote,0,0,95.34412955,1.417004049,3.036437247,0.20242915,494
AL,rural-distant,0,0.066312997,98.34217507,0.397877984,1.193633952,0,1508
AL,town-distant,0,0.148294612,97.72614928,0.593178448,1.334651508,0.197726149,2023
AL,suburban-large,6.118230674,1.720752377,19.66721786,4.237288136,65.53327821,2.723232741,19352
AL,rural-remote,0,0.190839695,64.69465649,0.477099237,34.16030534,0.477099237,1048
AL,town-remote,0.448698774,0.777744541,3.350284176,3.320370924,89.59018845,2.512713132,3343
AL,suburban-large,0.276243094,0,93.8305709,3.406998158,0.644567219,1.841620626,1086
AL,city-midsize,1.180351253,2.312561291,49.86359989,3.614157083,40.70428813,2.325042346,56085
AL,rural-distant,2.000571592,0.34295513,53.38668191,0.800228637,42.35495856,1.114604173,3499
AL,city-midsize,0.083191907,3.643805531,78.35346577,6.825064058,10.12279125,0.971681475,30051
AL,rural-distant,0.585708708,0.585708708,2.642197058,9.891969283,85.24014057,1.054275674,7683
AL,suburban-large,0.046051117,0.874971218,0.322357817,1.358507944,95.78632282,1.611789086,4343
AL,city-small,0.832466181,2.532084634,15.2271939,6.104751994,72.28581339,3.017689906,2883
AL,rural-fringe,0.268096515,0.804289544,4.289544236,23.25737265,66.8230563,4.557640751,1492
AL,city-small,0.432309443,1.456200228,58.13424346,8.782707622,29.39704209,1.797497156,4395
AL,rural-fringe,0.302571861,0.453857791,21.63388805,1.89107413,75.11346445,0.605143722,1322
AL,city-small,0.096548395,1.544774318,25.77842143,11.46512189,57.27733526,3.837798697,4143
AL,town-fringe,0.188857413,1.699716714,48.72521246,2.69121813,43.86213409,2.83286119,2118
AL,town-distant,0.075018755,0.725181295,12.87821955,3.325831458,81.17029257,1.825456364,3999
AL,rural-remote,0,0.069348128,98.82108183,0.069348128,0.901525659,0.138696255,1442
AL,suburban-large,0.583297766,0.65443164,57.70379855,7.227201593,28.26860151,5.562668943,7029
AL,rural-distant,0.536604063,0.574932924,58.22154082,2.683020314,36.565734,1.41816788,2609
AL,town-fringe,0.566801619,0.809716599,10.28340081,1.619433198,83.40080972,3.319838057,1235
AL,rural-distant,1.083883129,0.188501414,49.05749293,3.534401508,43.26107446,2.87464656,2122
AL,rural-remote,0.222123501,0.177698801,14.26032874,6.263882719,77.56552643,1.510439805,2251
AL,town-distant,0.06514658,0.716612378,39.93485342,1.302931596,57.26384365,0.716612378,1535
AL,rural-distant,0.411885849,1.58870256,38.5701677,5.295675199,49.42630185,4.707266843,3399
AL,town-distant,0.909090909,0.592885375,5.256916996,47.27272727,43.95256917,2.015810277,2530
AL,town-distant,0.475812847,0.951625694,5.352894528,7.097541634,84.17922284,1.942902458,2522
AL,town-distant,0.056882821,0.312855518,97.09897611,0.199089875,2.161547213,0.170648464,3516
AL,suburban-small,0.280898876,0.187265918,40.73033708,4.868913858,53.08988764,0.842696629,1068
AL,suburban-large,0.207900208,2.024552025,15.36976537,7.271557272,72.96307296,2.163152163,20202
AL,rural-distant,0.27400263,1.00832968,9.655852696,4.427882508,82.9789566,1.654975888,9124
AL,rural-remote,0,0.191204589,98.02421925,0.509878904,1.08349267,0.191204589,1569
AL,town-distant,0.087950748,0.527704485,40.1055409,2.462620932,55.23306948,1.583113456,2274
AL,rural-fringe,0.050505051,0.95959596,66.16161616,3.080808081,28.28282828,1.464646465,1980
AL,rural-distant,0.131354262,0.407198214,32.69407592,2.154209904,63.43097334,1.182188362,7613
AL,rural-distant,0.170765027,0.239071038,26.74180328,1.844262295,69.9795082,1.024590164,2928
AL,rural-fringe,0.162249865,0.865332612,25.74364521,2.866414278,69.92969173,0.432666306,1849
AL,suburban-large,1.538461538,1.196581197,66.66666667,23.76068376,4.786324786,2.051282051,1170
AL,town-remote,0,0.629425649,48.30841857,0.865460268,50.11801731,0.078678206,1271
AL,rural-fringe,0.20746888,3.423236515,62.96680498,2.697095436,29.46058091,1.244813278,1928
AL,city-small,0.250144314,2.078121993,69.90571484,4.098518376,22.8785838,0.788916683,10394
AL,suburban-midsize,0.212487741,0.839054157,28.71308707,7.415277324,61.34902474,1.471068977,18354
AL,suburban-small,0,0.461437047,26.96110745,1.120632828,70.7976269,0.659195781,1517
AL,suburban-large,0.06993007,6.321678322,6.783216783,4.055944056,80.48951049,2.27972028,7150
AL,rural-distant,0.142431698,0.181276706,6.020976305,2.473132203,90.13336786,1.048815227,7723
AL,rural-remote,9.672830725,0.248933144,25.46230441,0.782361309,62.76671408,1.06685633,2812
AL,rural-remote,0.056593096,0.113186191,99.20769666,0.169779287,0.396151669,0.056593096,1767
AL,rural-remote,0.313479624,0.470219436,4.937304075,3.056426332,89.81191223,1.410658307,1276
AL,rural-remote,0.321802092,0.040225261,0.925181014,1.246983105,97.06355591,0.402252615,2486
AK,rural-remote,95.18193225,0.451693852,0.150564617,0.426599749,3.38770389,0.401505646,3985
AK,rural-remote,99.50322901,0.099354198,0.049677099,0.049677099,0.248385494,0.049677099,2013
AK,rural-remote,97.84482759,0,0,0.215517241,1.293103448,0.646551724,464
AK,rural-remote,98.5915493,0,0,0,1.408450704,0,355
AK,rural-fringe,86.80555556,2.546296296,0.231481481,0,10.41666667,0,432
AK,rural-remote,74.05857741,9.623430962,0,2.928870293,10.041841,3.347280335,239
AK,rural-remote,36,24,0,16,12,12,25
AK,rural-remote,99.23857868,0.050761421,0,0,0.507614213,0.203045685,1970
AK,rural-remote,58.53658537,3.25203252,1.62601626,0.81300813,28.45528455,7.317073171,123
AK,rural-remote,59.36675462,1.846965699,1.583113456,0,31.39841689,5.80474934,379
AK,rural-remote,18.96024465,22.01834862,0.305810398,6.727828746,47.09480122,4.892966361,327
AK,rural-remote,42.27272727,3.181818182,0.681818182,1.818181818,45.45454545,6.590909091,440
AK,rural-remote,21.16104869,1.872659176,0.187265918,1.872659176,62.17228464,12.7340824,534
AK,rural-remote,3.258145363,1.754385965,1.629072682,7.142857143,81.45363409,4.761904762,798
AK,rural-remote,52.32067511,0.421940928,0,2.109704641,10.97046414,34.17721519,474
AK,suburban-small,14.60544532,1.59206276,1.153668666,3.045685279,76.25749885,3.345639132,4334
AK,town-remote,29.21052632,10.78947368,0.578947368,2.578947368,52.36842105,4.473684211,1900
AK,city-large,8.049144044,17.69501784,5.842630652,11.80947649,41.19653101,15.40719996,44278
AK,town-remote,17.79844291,9.493944637,1.232698962,5.817474048,50.0216263,15.63581315,4624
AK,town-remote,29.68,10.32,0.48,4.64,49.68,5.2,1250
AK,rural-remote,13.90977444,2.255639098,0.37593985,2.255639098,79.32330827,1.879699248,266
AK,rural-remote,57.65765766,0,2.702702703,8.108108108,9.90990991,21.62162162,111
AK,rural-remote,72.36842105,7.894736842,0,1.315789474,5.263157895,13.15789474,76
AK,rural-remote,93.75,2.083333333,0,1.041666667,3.125,0,96
AK,rural-remote,9.1231503,1.443072031,0.42802984,4.402592638,72.81399046,11.78916473,8177
AK,rural-remote,57.48031496,1.57480315,0,10.23622047,19.68503937,11.02362205,127
AK,town-remote,19.13402062,26.02061856,0.577319588,9.072164948,39.54639175,5.649484536,2425
AK,rural-remote,79.27170868,0,1.400560224,0.280112045,12.60504202,6.442577031,357
AK,town-distant,15.86460541,3.353696547,1.564642813,2.736566513,71.4499439,5.03054482,16042
AK,rural-remote,58.13148789,1.730103806,0.346020761,2.76816609,33.56401384,3.460207612,289
AK,rural-remote,95.55555556,0.317460317,0.634920635,0.317460317,3.174603175,0,315
AK,rural-remote,18.81188119,3.870387039,3.420342034,5.400540054,58.14581458,10.3510351,1111
AK,town-remote,75.44715447,1.300813008,0,0.650406504,9.918699187,12.68292683,615
AK,city-small,8.227344992,3.640699523,4.753577107,8.895071542,58.81558029,15.66772655,12580
AK,rural-remote,76.34099617,9.243295019,0.766283525,0.383141762,2.250957854,11.01532567,2088
AK,rural-remote,92.77334585,0.187705303,0.187705303,0.187705303,2.956358517,3.707179728,2131
AK,rural-remote,0,0,0,0,40,60,10
AK,rural-remote,16.21052632,7.368421053,2.315789474,3.789473684,69.68421053,0.631578947,475
AK,rural-remote,98.48484848,0,0,1.515151515,0,0,66
AK,rural-remote,98.13953488,0,0,0,0,1.860465116,215
AK,rural-remote,3.03030303,3.787878788,0.757575758,2.272727273,75.75757576,14.39393939,132
AK,rural-remote,7.446808511,1.595744681,0.531914894,6.382978723,76.59574468,7.446808511,188
AK,rural-remote,94.88054608,0,0,0.170648464,1.706484642,3.242320819,586
AK,rural-remote,86.11111111,0,0,0,2.777777778,11.11111111,36
AK,rural-remote,12.66149871,50.90439276,1.291989664,11.36950904,22.73901809,1.033591731,387
AK,rural-remote,49.11242604,0,5.325443787,0,40.23668639,5.325443787,169
AK,rural-remote,96.20253165,0,0.759493671,0,2.784810127,0.253164557,395
AK,rural-remote,6.529209622,3.092783505,4.696449026,8.132875143,65.52119129,12.02749141,873
AK,rural-remote,97.15447154,0,0,0,2.845528455,0,246
AK,rural-remote,8.823529412,2.941176471,0.309597523,4.024767802,65.47987616,18.42105263,646
AK,city-large,11.73594132,6.112469438,1.466992665,4.400977995,67.97066015,8.312958435,409
AK,rural-remote,28.20512821,4.395604396,0.366300366,1.465201465,44.68864469,20.87912088,273
AK,rural-remote,55.29411765,2.352941176,2.352941176,2.352941176,30.58823529,7.058823529,85
AK,suburban-small,28.57967667,2.540415704,1.501154734,2.193995381,59.58429561,5.600461894,1732
AZ,city-midsize,0.330517811,2.680866691,1.028277635,8.997429306,85.2368711,1.726037459,5446
AZ,town-fringe,1.131911189,0.60949064,0.653025686,29.9085764,65.47670875,2.220287331,2297
AZ,town-distant,9.271523179,0.220750552,0.220750552,18.76379691,67.10816777,4.415011038,453
AZ,rural-remote,0,0,1.5625,70.3125,27.34375,0.78125,128
AZ,town-distant,1.119402985,0,0,0.373134328,97.76119403,0.746268657,536
AZ,rural-remote,6.097560976,0,1.219512195,9.756097561,79.26829268,3.658536585,82
AZ,rural-remote,97.17064545,0.707338638,0,0.353669319,0.442086649,1.326259947,1131
AZ,rural-remote,1.939058172,0.831024931,0.831024931,18.00554017,74.79224377,3.601108033,361
AZ,town-remote,1.515151515,1.107226107,1.282051282,38.57808858,54.07925408,3.438228438,1716
AZ,city-small,73.04347826,1.739130435,0.869565217,4.347826087,20,0,115
AZ,town-distant,0.628930818,1.41509434,1.808176101,26.10062893,68.23899371,1.808176101,1272
AZ,town-remote,2.559576346,1.647543395,0.956163578,22.182995,68.60841424,4.045307443,6798
AZ,rural-fringe,1.219512195,1.219512195,1.219512195,24.3902439,69.51219512,2.43902439,82
AZ,town-remote,100,0,0,0,0,0,3
AZ,suburban-midsize,0.875273523,3.900115845,10.49041061,46.09344832,35.29411765,3.346634058,7769
AZ,rural-remote,0,0,0,95.4248366,2.614379085,1.960784314,153
AZ,town-remote,9.76744186,4.186046512,0.23255814,67.90697674,16.27906977,1.627906977,430
AZ,city-large,2.057581574,3.147792706,8.414587332,78.77159309,6.249520154,1.358925144,13025
AZ,rural-remote,8.196721311,0,0,14.75409836,77.04918033,0,61
AZ,suburban-large,1.971546183,3.495341951,4.983028815,42.36296671,44.79670687,2.390409475,13847
AZ,rural-distant,0.432900433,0.865800866,0,79.22077922,19.48051948,0,231
AZ,rural-remote,0,66.66666667,0,0,33.33333333,0,3
AZ,suburban-large,1.019586799,0.804936947,1.019586799,31.39254092,63.48269386,2.280654682,3727
AZ,rural-distant,0,0,0,67.18146718,31.66023166,1.158301158,259
AZ,rural-remote,0,0,0,0,100,0,15
AZ,rural-remote,0.836820084,0,0.418410042,48.53556485,50.20920502,0,239
AZ,suburban-midsize,0.68063765,2.704639083,11.58875157,62.74404442,21.27888232,1.003044958,5583
AZ,rural-remote,3.258145363,1.253132832,1.754385965,24.56140351,68.17042607,1.002506266,399
AZ,city-large,4.945277665,1.175516822,13.7413863,71.82813133,5.837049047,2.472638833,2467
AZ,rural-fringe,3.584229391,0.358422939,0,38.70967742,53.76344086,3.584229391,279
AZ,rural-remote,0,0,0,67.71653543,31.49606299,0.787401575,127
AZ,town-distant,0.13568521,0.407055631,0.271370421,72.18453189,25.50881954,1.492537313,737
AZ,rural-remote,0,0,0,0,100,0,12
AZ,rural-remote,0,0,1.869158879,40.18691589,57.94392523,0,107
AZ,rural-remote,0,0,0,11.11111111,81.48148148,7.407407407,27
AZ,rural-remote,0,0,0,80.35714286,19.64285714,0,56
AZ,town-fringe,1.023541453,1.10542477,7.819856704,59.93858751,27.30808598,2.804503582,4885
AZ,town-fringe,0.989364333,1.113034875,7.197625526,52.85678951,35.79025476,2.052930992,4043
AZ,city-small,0.716479017,3.51415899,6.26066189,36.35278062,45.75230297,7.403616513,5862
AZ,rural-fringe,1.117117117,0.792792793,2.09009009,42.99099099,49.8018018,3.207207207,2775
AZ,rural-fringe,10.33822591,0.382897256,0.063816209,30.18506701,55.64773452,3.382259094,1567
AZ,rural-distant,2.272727273,0,2.272727273,17.42424242,72.72727273,5.303030303,132
AZ,city-large,1.082649701,0.479937497,4.436631508,90.01618394,3.164239076,0.820358279,17919
AZ,suburban-small,6.166955517,0.909878683,2.975158868,63.2293472,22.3859041,4.332755633,6924
AZ,suburban-small,7.819839735,1.326333241,3.647416413,60.12710694,25.72533849,1.353965184,3619
AZ,suburban-large,0.238048006,7.002578853,1.864709383,25.014878,60.94028963,4.939496132,5041
AZ,rural-remote,95.2,0.8,0,3.2,0.8,0,125
AZ,suburban-large,1.457463736,8.385028711,5.479325692,27.00228305,54.45425824,3.221640569,43363
AZ,town-remote,99.40239044,0.085372795,0.142287991,0.028457598,0.341491178,0,3514
AZ,rural-distant,0,3.448275862,1.149425287,41.37931034,54.02298851,0,87
AZ,rural-remote,3.592814371,1.796407186,1.796407186,28.74251497,60.47904192,3.592814371,167
AZ,rural-remote,0,2.127659574,1.063829787,40.42553191,56.38297872,0,94
AZ,rural-fringe,0.917431193,1.28440367,0.550458716,51.19266055,42.93577982,3.119266055,545
AZ,town-fringe,16.26363205,0.426742532,9.15125652,49.45471788,22.6173542,2.086296823,2109
AZ,town-distant,1.632261162,0.960153625,0.864138262,40.18242919,55.25684109,1.104176668,2083
AZ,city-small,0.848407235,1.696814471,1.632783736,81.33504082,13.65455419,0.832399552,6247
AZ,city-large,2.209338765,1.206518333,4.497022877,84.03321843,6.800376058,1.253525541,6382
AZ,rural-distant,0,0,0,0,100,0,6
AZ,rural-remote,2.222222222,6.666666667,0,17.77777778,73.33333333,0,45
AZ,town-remote,0.163755459,0.136462882,0.136462882,97.62554585,1.774017467,0.163755459,3664
AZ,rural-remote,1.055408971,0.263852243,0.527704485,19.52506596,78.36411609,0.263852243,379
AZ,suburban-large,0.86406231,2.336619204,7.379010993,37.87675956,46.92710235,4.61644558,24651
AZ,rural-distant,2.475247525,0.99009901,1.98019802,69.8019802,23.76237624,0.99009901,202
AZ,rural-remote,2.631578947,1.754385965,0,42.10526316,53.50877193,0,114
AZ,rural-fringe,4.942528736,0.114942529,8.16091954,79.54022989,6.091954023,1.149425287,870
AZ,city-small,24.40692013,1.098104216,0.745882109,27.54584067,43.08505128,3.118201595,9653
AZ,rural-fringe,2.066823731,2.066823731,8.449346755,36.37823945,48.77918184,2.259584493,9338
AZ,suburban-large,1.457358762,1.54731918,2.302986686,51.00755668,42.51529327,1.169485426,5558
AZ,suburban-large,12.87726358,1.676727029,1.274312542,10.52984574,69.21529175,4.426559356,1491
AZ,city-large,1.302862025,1.067919692,8.329773601,80.73472875,7.005553182,1.559162751,4682
AZ,rural-distant,15.66820276,0,0,3.225806452,76.95852535,4.147465438,217
AZ,city-small,0.986842105,4.385964912,13.48684211,23.35526316,52.96052632,4.824561404,912
AZ,rural-remote,91.23966942,0,0.165289256,1.157024793,7.438016529,0,605
AZ,town-distant,0,0.056689342,0.018896447,99.81103553,0.094482237,0.018896447,5292
AZ,rural-remote,96.03746398,0.216138329,0,1.152737752,0.216138329,2.377521614,1388
AZ,rural-remote,35.62653563,0,0.245700246,57.002457,7.125307125,0,407
AZ,suburban-large,1.00931677,4.235679779,3.33563377,21.98930297,65.95353117,3.476535542,34776
AZ,suburban-large,1.713871902,2.679433537,9.711940779,71.74122948,11.93273254,2.220791761,12428
AZ,city-large,2.445019405,3.596377749,8.615782665,56.25485123,27.63260026,1.455368693,15460
AZ,town-remote,27.56489493,1.112484549,0.123609394,32.81829419,36.15574784,2.224969098,1618
AZ,rural-remote,22.45614035,1.052631579,1.052631579,40.70175439,30.1754386,4.561403509,285
AZ,rural-remote,0,0,0,19.51219512,78.04878049,2.43902439,41
AZ,rural-remote,0.746268657,0,0.373134328,87.68656716,11.19402985,0,268
AZ,suburban-large,0.7357196,4.406051087,4.306852939,19.97189386,65.92543606,4.654046458,12097
AZ,town-remote,62.05203731,0.490918017,0.687285223,14.33480609,18.31124202,4.12371134,2037
AZ,city-large,0,0,0.282485876,99.71751412,0,0,354
AZ,suburban-small,1.423049895,0.966268447,0.878425861,32.50175685,60.68165847,3.548840478,5692
AZ,rural-remote,0,0,0,78.82352941,20,1.176470588,85
AZ,rural-remote,94.84679666,0.557103064,0.139275766,2.924791086,0,1.532033426,718
AZ,city-large,0.603483747,0.205733096,4.087230833,93.00507475,1.783020162,0.315457413,7291
AZ,suburban-large,1.475445937,1.71768333,3.567496146,31.90927109,58.02686633,3.303237172,4541
AZ,rural-distant,17.12846348,0.503778338,0,11.83879093,63.47607053,7.052896725,397
AZ,town-remote,97.63733018,0.177200236,0,0.472533963,0.6497342,1.063201418,1693
AZ,rural-distant,1.315789474,0,0,35.52631579,63.15789474,0,76
AZ,city-large,3.640894724,6.157306103,10.37563822,27.98443958,45.36834427,6.473377097,16452
AZ,city-small,1.317233809,1.829491401,1.244054153,23.78338822,71.18551043,0.64032199,5466
AZ,city-large,2.529609592,3.436174879,22.13773944,57.83009212,10.61558707,3.4507969,6839
AZ,rural-fringe,0.940899735,1.558365187,3.440164657,48.75036754,42.60511614,2.705086739,3401
AZ,suburban-midsize,0.764431948,4.16483613,7.363149108,39.04753537,44.31947983,4.340567613,11381
AZ,rural-distant,1.902173913,0.27173913,0,59.7826087,37.22826087,0.815217391,368
AZ,suburban-midsize,1.400460911,2.003190924,10.26413756,73.97624535,9.679134905,2.676830349,5641
AZ,city-large,4.089282672,1.942409269,6.099846652,38.14959959,45.71477253,4.004089283,5869
AZ,rural-distant,0.840336134,1.680672269,0,4.201680672,91.59663866,1.680672269,119
AZ,rural-fringe,1.073825503,0.536912752,0.67114094,71.27516779,25.23489933,1.208053691,745
AZ,suburban-large,1.399817775,1.747701483,2.170131699,36.83425826,54.34440487,3.503685911,12073
AZ,town-distant,5.579010856,2.276839566,11.61037394,42.67189385,33.24788902,4.613992762,6632
AZ,rural-distant,9.983633388,0.163666121,0.654664484,54.17348609,31.91489362,3.109656301,611
AZ,rural-distant,2.808988764,0.936329588,0.561797753,16.29213483,76.21722846,3.183520599,534
AZ,rural-distant,99.23076923,0,0.769230769,0,0,0,130
AZ,rural-remote,3.278688525,0,0,24.59016393,70.49180328,1.639344262,61
AZ,city-large,4.181769259,2.065559759,4.319473243,43.29761471,44.05261242,2.082970607,63179
AZ,rural-fringe,3.480475382,0.509337861,0.848896435,50.08488964,43.12393888,1.9524618,1178
AZ,town-distant,3.610411419,0.587741394,0.755667506,36.35600336,57.09487825,1.595298069,1191
AZ,rural-distant,0,0,17.85714286,10.71428571,71.42857143,0,28
AZ,town-remote,7.295373665,0.355871886,1.512455516,29.44839858,59.0747331,2.31316726,1124
AZ,rural-distant,1.136363636,0.568181818,0,63.06818182,35.22727273,0,176
AZ,town-remote,2.665706052,0.864553314,1.224783862,63.6167147,30.04322767,1.585014409,1388
AZ,rural-distant,0,0,0,25.47169811,71.69811321,2.830188679,106
AZ,city-large,10.34482759,0,13.79310345,68.96551724,6.896551724,0,29
AZ,city-large,0.916310324,0.24434942,2.687843616,93.34147831,2.504581552,0.305436775,1637
AZ,rural-distant,0.331125828,0,0,99.66887417,0,0,302
AZ,rural-fringe,1.072705602,0.834326579,1.907032181,33.61144219,59.83313468,2.74135876,839
AZ,town-remote,0.070163129,0.403437993,0.052622347,98.78968602,0.631468163,0.052622347,5701
AZ,city-large,6.170212766,3.191489362,7.021276596,70.85106383,10.42553191,2.340425532,470
AZ,rural-remote,0,0,0,22.22222222,72.22222222,5.555555556,18
AZ,rural-remote,0,0,0,10.29411765,89.70588235,0,68
AZ,town-remote,73.50018403,0.736105999,0.368053,5.373573795,15.86308428,4.158998896,2717
AZ,rural-distant,0.67114094,0,1.342281879,65.10067114,32.66219239,0.223713647,447
AZ,rural-fringe,0.987166831,1.678183613,2.566633761,28.43040474,62.48766041,3.849950642,1013
AZ,city-large,0.9704761,3.859848127,3.056369537,30.65192047,57.39988027,4.061505498,31737
AZ,town-distant,29.79613173,0.156821746,0.313643492,44.95556717,19.07997909,5.697856769,1913
AZ,rural-distant,0,0,2.597402597,77.92207792,19.48051948,0,77
AZ,rural-distant,0,0,0,57.33333333,41.33333333,1.333333333,75
AZ,town-remote,2.426564496,0.766283525,0.297999149,21.32822478,71.81779481,3.363133248,2349
AZ,rural-remote,98.46938776,0,0.510204082,1.020408163,0,0,196
AZ,rural-remote,1.030927835,0,0,23.71134021,74.22680412,1.030927835,97
AZ,city-large,1.096404583,2.103911497,7.230343738,74.22955354,12.23824575,3.101540893,10124
AZ,suburban-large,0.910968399,2.987523694,4.656689394,32.64774946,54.69205307,4.105015984,35347
AZ,city-large,3.13253012,1.25,7.801204819,81.37048193,4.909638554,1.536144578,6640
AZ,city-large,2.513955422,1.920107684,8.840413318,80.55346609,4.608258443,1.563799042,25259
AZ,rural-distant,2.673796791,0,2.139037433,79.67914439,15.50802139,0,187
AZ,town-remote,1.361386139,0.247524752,0.99009901,25.61881188,68.56435644,3.217821782,808
AZ,rural-remote,0.819672131,1.639344262,0.819672131,12.29508197,81.96721311,2.459016393,122
AZ,town-remote,21.18802619,0.748362956,0.467726848,24.64920486,48.17586529,4.770813845,2138
AZ,rural-fringe,1.111111111,0,1.111111111,15.55555556,81.11111111,1.111111111,90
AZ,city-small,2.026342452,1.494427558,1.063829787,15.04559271,78.16616008,2.203647416,3948
AZ,rural-remote,96.41319943,0,0,1.721664275,0.860832138,1.004304161,697
AZ,rural-fringe,0.523560209,0.523560209,0,50.78534031,46.07329843,2.094240838,191
AZ,suburban-large,1.016691958,1.57814871,2.731411229,23.5508346,68.81638847,2.306525038,6590
AZ,rural-remote,0,0.712589074,0.237529691,60.57007126,36.81710214,1.662707838,421
AZ,rural-remote,98.54809437,0.54446461,0,0.181488203,0.725952813,0,551
AZ,rural-distant,1.483679525,1.18694362,0.890207715,34.12462908,59.64391691,2.670623145,337
AZ,town-remote,97.63636364,2.060606061,0.060606061,0.060606061,0,0.181818182,1650
AZ,city-large,2.217529039,0.844772967,14.78352693,76.55755016,4.012671595,1.583949314,947
AZ,city-large,1.358011171,0.865184536,12.01401818,81.53542876,3.175993867,1.051363487,9131
AZ,town-remote,4.147104851,0.625978091,0.469483568,23.39593114,70.34428795,1.017214397,1278
AZ,rural-distant,0.844704353,0.584795322,4.028589994,41.00064977,51.33203379,2.209226771,1539
AZ,rural-distant,91.54676259,0.35971223,0,6.474820144,0,1.618705036,556
AZ,town-remote,0.909681611,0.227420403,0.909681611,51.26705653,45.32163743,1.364522417,3078
AZ,town-distant,0.864372152,1.540154015,2.938865315,52.06663523,40.12258369,2.467389596,6363
AZ,rural-remote,0,0,0,100,0,0,21
AZ,rural-remote,1.754385965,0,0,56.14035088,42.10526316,0,114
AZ,rural-fringe,0,1.333333333,0,96.44444444,2.222222222,0,225
AZ,town-remote,0,0.85495283,0.088443396,95.54834906,3.331367925,0.176886792,3392
AZ,town-fringe,2.428256071,0,8.388520971,81.67770419,7.06401766,0.441501104,453
AZ,city-midsize,2.430763954,5.350252937,4.209894538,22.17268284,64.3187859,1.517619823,23326
AZ,rural-remote,20.8,0.8,0,20,51.2,7.2,125
AZ,rural-remote,0,0,0,23.52941176,76.47058824,0,34
AZ,rural-fringe,4.121212121,0.96969697,0.848484848,17.33333333,74.02020202,2.707070707,2475
AZ,suburban-large,0.874756191,4.128494592,3.451740647,19.0023051,69.40126485,3.141438619,33838
AZ,rural-distant,0,0,0,7.142857143,92.85714286,0,14
AZ,town-remote,5.538098979,0.196386489,0.196386489,12.17596229,78.12254517,3.770620581,2546
AZ,town-remote,1.030927835,0,0,65.97938144,29.3814433,3.608247423,194
AZ,town-fringe,2.339776195,0.1356392,0.1356392,95.25262801,2.102407596,0.0339098,2949
AZ,rural-distant,0,1.818181818,0.909090909,26.36363636,68.18181818,2.727272727,110
AZ,rural-distant,0.791556728,0.791556728,0.263852243,9.234828496,87.33509235,1.583113456,379
AZ,town-remote,9.787735849,1.533018868,0.825471698,23.23113208,63.20754717,1.41509434,848
AZ,rural-distant,18.5110664,1.207243461,1.408450704,66.59959759,11.67002012,0.60362173,497
AZ,city-large,3.163967988,0.508716422,2.214777592,89.60853651,3.908431044,0.595570445,16119
AZ,town-distant,0.544959128,0.272479564,1.089918256,84.19618529,13.6239782,0.272479564,367
AZ,suburban-large,1.615969582,1.235741445,1.045627376,20.10456274,72.52851711,3.469581749,2104
AZ,city-midsize,6.837093592,3.868919962,10.8346916,52.83520631,21.33482028,4.289268251,11657
AZ,city-midsize,4.322258159,5.792413996,11.62158189,34.17377242,40.14260512,3.947368421,13604
AZ,town-remote,0.698893419,0.465928946,0.465928946,22.94700058,73.61677344,1.805474665,1717
AZ,rural-remote,8.823529412,11.76470588,0,0.980392157,78.43137255,0,102
AZ,rural-distant,0,0,0,19.04761905,80.95238095,0,21
AZ,city-large,0.878334418,1.561483409,10.99544567,80.22121015,4.912166558,1.431359792,3074
AZ,suburban-midsize,1.032982965,1.91192461,9.260601667,78.04458137,8.164189924,1.585719464,11036
AZ,rural-fringe,5.019685039,0.787401575,3.543307087,60.62992126,27.65748031,2.362204724,1016
AZ,rural-distant,1.002506266,1.503759398,5.513784461,28.82205514,57.39348371,5.764411028,798
AZ,rural-distant,17.20430108,3.225806452,0,16.12903226,60.21505376,3.225806452,93
AZ,town-remote,96.9005848,0.81871345,0.175438596,0.994152047,1.052631579,0.058479532,1710
AZ,city-large,3.579236144,2.063954734,5.990398217,63.92901539,20.46165716,3.975738351,46658
AZ,city-large,2.200614125,0.972364381,11.56601842,76.10030706,7.011258956,2.149437052,1954
AZ,city-large,0.475548863,2.599667116,4.406752794,33.19331061,55.00515178,4.319568836,12617
AZ,rural-remote,78.84615385,0.961538462,0,11.53846154,6.730769231,1.923076923,104
AZ,rural-remote,4.347826087,0.869565217,1.739130435,8.695652174,83.47826087,0.869565217,115
AZ,city-large,3.6900369,2.94773878,8.431305243,53.6900369,27.73963786,3.501244315,23306
AZ,rural-distant,0,0,0,85.29411765,13.7254902,0.980392157,204
AZ,rural-remote,0,0,0,88.15789474,11.84210526,0,76
AZ,town-remote,98.32303619,0.353045013,0.088261253,0.52956752,0.088261253,0.617828773,2266
AZ,rural-fringe,0.626740947,0.208913649,1.880222841,31.68523677,63.85793872,1.740947075,1436
AZ,rural-fringe,0.526315789,0.614035088,0.526315789,66.57894737,31.40350877,0.350877193,1140
AZ,town-distant,5.007824726,2.190923318,1.251956182,37.55868545,53.05164319,0.938967136,639
AZ,city-large,0.337268128,0.168634064,7.082630691,90.89376054,1.011804384,0.505902192,1186
AZ,town-remote,98.92703863,0.214592275,0,0.536480687,0.268240343,0.053648069,1864
AZ,town-remote,50.09310987,0.558659218,1.44320298,26.21042831,18.10986965,3.584729981,2148
AZ,rural-distant,0,0,2.777777778,13.88888889,80.55555556,2.777777778,36
AZ,rural-remote,0,5.555555556,8.333333333,5.555555556,80.55555556,0,36
AZ,rural-distant,2.777777778,0,2.777777778,19.44444444,66.66666667,8.333333333,36
AZ,city-small,1.438260056,1.204396632,1.777362021,70.65014032,24.09962582,0.830215154,8552
AZ,city-small,0.773551892,0.994566719,1.197163643,84.28032047,12.46891979,0.285477484,10859
AZ,town-distant,0.77294686,2.222222222,0.38647343,50.43478261,41.73913043,4.444444444,1035
AR,rural-fringe,0.075815011,0,12.73692191,5.231235785,78.54435178,3.411675512,1319
AR,town-distant,0.106951872,0.320855615,0.320855615,2.887700535,96.25668449,0.106951872,935
AR,rural-distant,0.353773585,0.117924528,1.768867925,4.83490566,92.80660377,0.117924528,848
AR,town-distant,0.353940538,1.651722511,2.05285512,4.318074563,90.37281737,1.250589901,4238
AR,rural-distant,0.61500615,0.12300123,0.49200492,2.4600246,95.0799508,1.2300123,813
AR,town-distant,0.545289306,2.938503484,6.392002424,5.149954559,82.70221145,2.272038776,3301
AR,rural-fringe,0.469777639,1.597243971,5.7626057,19.48011275,69.52709051,3.163169433,3193
AR,rural-remote,0.512820513,0.341880342,1.196581197,4.102564103,92.99145299,0.854700855,585
AR,rural-remote,0.19047619,0.19047619,0.761904762,2.095238095,95.42857143,1.333333333,525
AR,rural-fringe,0.314465409,0.786163522,37.6572327,7.783018868,50.94339623,2.51572327,1272
AR,city-small,0.196560197,0.343980344,96.24078624,1.105651106,1.498771499,0.614250614,4070
AR,rural-distant,0.125944584,0.125944584,19.52141058,7.934508816,69.89924433,2.392947103,1588
AR,town-remote,0.07513148,0.15026296,24.56799399,6.386175808,65.51465064,3.305785124,1331
AR,rural-remote,0.257069409,0.257069409,36.76092545,1.285347044,56.55526992,4.884318766,389
AR,rural-remote,0,0.213675214,38.24786325,2.991452991,56.83760684,1.709401709,468
AR,rural-remote,0.483091787,3.8647343,0.966183575,22.22222222,69.3236715,3.140096618,414
AR,town-remote,0.25025025,0,20.27027027,15.46546547,63.11311311,0.900900901,1998
AR,town-remote,0.488538144,0.789177001,0.375798572,3.833145434,91.58211199,2.931228861,2661
AR,town-remote,0.104384134,1.461377871,52.71398747,5.219206681,37.78705637,2.713987474,2874
AR,rural-distant,0.160513644,0.080256822,28.97271268,7.704654896,61.23595506,1.845906902,1246
AR,rural-fringe,0.089686099,0.179372197,0.627802691,5.201793722,93.3632287,0.538116592,1115
AR,town-distant,0,0.245549417,12.3388582,6.875383671,78.75997545,1.780233272,1629
AR,rural-distant,0,0.257069409,11.43958869,8.483290488,75.06426735,4.755784062,778
AR,rural-fringe,1.466890193,3.059513831,3.017602682,61.48365465,29.00251467,1.969823973,2386
AR,rural-distant,0,0.249376559,13.96508728,1.995012469,83.79052369,0,802
AR,rural-distant,0,0.333889816,62.27045075,2.504173623,32.88814691,2.003338898,599
AR,rural-distant,0.104821803,0,27.35849057,2.410901468,69.28721174,0.838574423,954
AR,rural-remote,0.192678227,0.096339114,16.08863198,2.215799615,80.15414258,1.252408478,1038
AR,rural-distant,0.762388818,0.762388818,1.65184244,4.828462516,91.4866582,0.508259212,787
AR,rural-remote,0,0,0,1.769911504,98.00884956,0.221238938,452
AR,rural-remote,0.280112045,0.280112045,0.56022409,2.521008403,91.59663866,4.761904762,357
AR,rural-distant,2.116402116,2.248677249,0.396825397,2.91005291,90.60846561,1.71957672,756
AR,rural-remote,2.173913043,0.310559006,0,2.173913043,95.34161491,0,644
AR,rural-remote,0.559284116,0.33557047,0.223713647,10.85011186,85.90604027,2.125279642,894
AR,town-distant,0.205973223,0.205973223,0.205973223,2.574665294,92.79093718,4.016477858,971
AR,rural-remote,3.13111546,0,0.391389432,30.82191781,62.91585127,2.739726027,1022
AR,suburban-large,0.356506239,1.044053985,50.77667431,7.359307359,35.80341227,4.660045837,3927
AR,suburban-midsize,1.427664975,0.634517766,1.269035533,4.156091371,88.13451777,4.378172589,3152
AR,rural-distant,0.378787879,0.568181818,0.568181818,3.787878788,93.93939394,0.757575758,528
AR,town-distant,0.107758621,1.724137931,37.98491379,6.519396552,51.18534483,2.478448276,1856
AR,rural-distant,0,5.592841163,5.592841163,4.474272931,84.34004474,0,447
AR,town-distant,1.057082452,0.070472163,28.61169838,4.016913319,60.67653277,5.567300916,1419
AR,rural-distant,0.290135397,0.290135397,1.063829787,2.417794971,94.58413926,1.353965184,1034
AR,rural-remote,0.231481481,0,54.16666667,3.240740741,39.81481481,2.546296296,432
AR,town-distant,0.393700787,0.472440945,3.070866142,5.905511811,86.2992126,3.858267717,1270
AR,rural-distant,0.602409639,0.722891566,34.93975904,3.012048193,60.72289157,0,830
AR,rural-fringe,0.122399021,0.305997552,2.692778458,4.895960832,90.75887393,1.223990208,1634
AR,rural-distant,0.169491525,0,4.06779661,3.559322034,90.6779661,1.525423729,590
AR,town-fringe,0.600240096,0.510204082,3.511404562,4.291716687,89.10564226,1.980792317,3332
AR,suburban-large,0.211457132,1.211072664,9.034986544,7.785467128,79.1810842,2.575932334,5202
AR,suburban-large,1.170483461,0.559796438,0.96692112,6.921119593,89.10941476,1.272264631,1965
AR,city-small,1.234270576,7.062436029,2.980311879,10.92781022,73.91775543,3.877415859,16609
AR,rural-distant,1.542416452,0.428449015,0.342759212,2.227934876,95.20137104,0.257069409,1167
AR,town-distant,0.352289884,4.579768495,0.201308505,26.87468546,67.23704076,0.754906895,1987
AR,rural-distant,0.977517107,0.782013685,1.46627566,7.233626588,89.24731183,0.293255132,1023
AR,rural-remote,0,0.804828974,16.29778672,12.87726358,67.40442656,2.615694165,497
AR,town-remote,0.19828156,0.528750826,82.22075347,3.43688037,13.41705221,0.19828156,1513
AR,rural-remote,0,1.377410468,0.550964187,3.581267218,90.63360882,3.856749311,363
