name,state,state_code,type,degree_length,room_and_board,in_state_tuition,in_state_total,out_of_state_tuition,out_of_state_total
Abilene Christian University,Texas,TX,Private,4 Year,10350,34850,45200,34850,45200
Abraham Baldwin Agricultural College,Georgia,GA,Public,2 Year,8474,4128,12602,12550,21024
Academy of Art University,California,CA,For Profit,4 Year,16648,27810,44458,27810,44458
Adams State University,Colorado,CO,Public,4 Year,8782,9440,18222,20456,29238
Adelphi University,New York,NY,Private,4 Year,16030,38660,54690,38660,54690
Adirondack Community College,New York,NY,Public,2 Year,11660,5375,17035,9935,21595
Adrian College,Michigan,MI,Private,4 Year,11318,37087,48405,37087,48405
Adventist University of Health Sciences,Florida,FL,Private,4 Year,4200,15150,19350,15150,19350
Agnes Scott College,Georgia,GA,Private,4 Year,12330,41160,53490,41160,53490
Alabama Agricultural and Mechanical University,Alabama,AL,Public,4 Year,8379,9698,18077,17918,26297
Alabama State University,Alabama,AL,Public,4 Year,5422,11068,16490,19396,24818
Alaska Bible College,Alaska,AK,Private,4 Year,5700,9300,15000,9300,15000
Alaska Pacific University,Alaska,AK,Private,4 Year,7300,20830,28130,20830,28130
Albany College of Pharmacy and Health Sciences,New York,NY,Private,4 Year,10920,35105,46025,35105,46025
Albany State University,Georgia,GA,Public,4 Year,8878,6726,15604,19802,28680
Albertus Magnus College,Connecticut,CT,Private,4 Year,13200,32060,45260,32060,45260
Albion College,Michigan,MI,Private,4 Year,12380,45775,58155,45775,58155
Albright College,Pennsylvania,PA,Private,4 Year,12070,45306,57376,45306,57376
Alcorn State University,Mississippi,MS,Public,4 Year,9608,7144,16752,7144,16752
Alderson-Broaddus University,West Virginia,WV,Private,4 Year,8860,27910,36770,27910,36770
Alfred University,New York,NY,Private,4 Year,12516,33484,46000,33484,46000
Allegheny College,Pennsylvania,PA,Private,4 Year,12140,47540,59680,47540,59680
Allegheny Wesleyan College,Ohio,OH,Private,4 Year,4000,6400,10400,6400,10400
Allen College,Iowa,IA,Private,4 Year,7282,19970,27252,19970,27252
Allen County Community College,Kansas,KS,Public,2 Year,5070,3150,8220,3150,8220
Allen University,South Carolina,SC,Private,4 Year,7230,13340,20570,13340,20570
Alma College,Michigan,MI,Private,4 Year,10998,40258,51256,40258,51256
Alverno College,Wisconsin,WI,Private,4 Year,8546,28302,36848,28302,36848
American Academy of Dramatic Arts,New York,NY,Private,2 Year,17955,35160,53115,35160,53115
American Academy of Dramatic Arts: West,California,CA,Private,2 Year,13255,35160,48415,35160,48415
American Baptist College,Tennessee,TN,Private,4 Year,8640,10950,19590,10950,19590
American Indian College of the Assemblies of God,Arizona,AZ,Private,4 Year,6250,958,7208,958,7208
American International College,Massachusetts,MA,Private,4 Year,14300,35680,49980,35680,49980
American Jewish University,California,CA,Private,4 Year,17362,31826,49188,31826,49188
Amherst College,Massachusetts,MA,Private,4 Year,14740,56426,71166,56426,71166
Ancilla College,Indiana,IN,Private,2 Year,9600,17330,26930,17330,26930
Anderson University,South Carolina,SC,Private,4 Year,9830,28000,37830,28000,37830
Anderson University,Indiana,IN,Private,4 Year,9890,30450,40340,30450,40340
Andrew College,Georgia,GA,Private,2 Year,10636,17388,28024,17388,28024
Andrews University,Michigan,MI,Private,4 Year,9078,29288,38366,29288,38366
Angelina College,Texas,TX,Public,2 Year,5500,2625,8125,5535,11035
Angelo State University,Texas,TX,Public,4 Year,9130,8489,17619,20939,30069
Anna Maria College,Massachusetts,MA,Private,4 Year,14630,37860,52490,37860,52490
Antioch College,Ohio,OH,Private,4 Year,7640,35718,43358,35718,43358
Appalachian Bible College,West Virginia,WV,Private,4 Year,7960,14720,22680,14720,22680
Appalachian State University,North Carolina,NC,Public,4 Year,8304,7214,15518,22021,30325
Aquinas College,Michigan,MI,Private,4 Year,9332,32574,41906,32574,41906
Arcadia University,Pennsylvania,PA,Private,4 Year,13800,43580,57380,43580,57380
Arizona Christian University,Arizona,AZ,Private,4 Year,10674,26796,37470,26796,37470
Arizona State University,Arizona,AZ,Public,4 Year,12648,10822,23470,28336,40984
Arizona Western College,Arizona,AZ,Public,2 Year,6700,2520,9220,9510,16210
Arkansas Baptist College,Arkansas,AR,Private,4 Year,8826,8760,17586,8760,17586
Arkansas State University,Arkansas,AR,Public,4 Year,8160,8608,16768,15298,23458
Arkansas State University: Beebe,Arkansas,AR,Public,2 Year,5280,3600,8880,5760,11040
Arkansas Tech University,Arkansas,AR,Public,4 Year,7870,9068,16938,15848,23718
Arlington Baptist University,Texas,TX,Private,4 Year,6500,13190,19690,13190,19690
Armstrong State University,Georgia,GA,Public,4 Year,11385,6384,17769,19866,31251
Art Academy of Cincinnati,Ohio,OH,Private,4 Year,6700,33889,40589,33889,40589
Art Institute of Houston,Texas,TX,For Profit,4 Year,9600,24024,33624,24024,33624
Art Institute of Phoenix,Arizona,AZ,For Profit,4 Year,10928,21645,32573,21645,32573
Art Institute of Pittsburgh,Pennsylvania,PA,For Profit,4 Year,2758,23376,26134,23376,26134
ASA College,New York,NY,For Profit,2 Year,9500,14065,23565,14065,23565
Asbury University,Kentucky,KY,Private,4 Year,7160,30198,37358,30198,37358
Ashland University,Ohio,OH,Private,4 Year,9941,21342,31283,21342,31283
Assumption College,Massachusetts,MA,Private,4 Year,12694,40958,53652,40958,53652
Auburn University,Alabama,AL,Public,4 Year,13332,11276,24608,30524,43856
Auburn University at Montgomery,Alabama,AL,Public,4 Year,6980,10288,17268,22048,29028
Augsburg University,Minnesota,MN,Private,4 Year,10280,38800,49080,38800,49080
Augusta University,Georgia,GA,Public,4 Year,9640,10758,20398,29796,39436
Augustana College,Illinois,IL,Private,4 Year,10572,42135,52707,42135,52707
Augustana University,South Dakota,SD,Private,4 Year,8248,33018,41266,33018,41266
Aurora University,Illinois,IL,Private,4 Year,11700,24260,35960,24260,35960
Austin College,Texas,TX,Private,4 Year,12527,39985,52512,39985,52512
Austin Peay State University,Tennessee,TN,Public,4 Year,10700,8411,19111,24467,35167
Ave Maria University,Florida,FL,Private,4 Year,11436,20850,32286,20850,32286
Averett University,Virginia,VA,Private,4 Year,9976,34400,44376,34400,44376
Avila University,Missouri,MO,Private,4 Year,7200,19900,27100,19900,27100
Azusa Pacific University,California,CA,Private,4 Year,10076,38880,48956,38880,48956
Babson College,Massachusetts,MA,Private,4 Year,16312,51104,67416,51104,67416
Baker University,Kansas,KS,Private,4 Year,8410,29830,38240,29830,38240
Baldwin Wallace University,Ohio,OH,Private,4 Year,9554,32586,42140,32586,42140
Ball State University,Indiana,IN,Public,4 Year,10234,9896,20130,26468,36702
Baptist Bible College,Missouri,MO,Private,4 Year,7500,14150,21650,14150,21650
Baptist College of Florida,Florida,FL,Private,4 Year,4612,12300,16912,12300,16912
Baptist College of Health Sciences,Tennessee,TN,Private,4 Year,2900,14700,17600,14700,17600
Baptist Missionary Association Theological Seminary,Texas,TX,Private,4 Year,3150,6690,9840,6690,9840
Baptist University of the Americas,Texas,TX,Private,4 Year,2500,7800,10300,7800,10300
Barclay College,Kansas,KS,Private,4 Year,9300,19690,28990,19690,28990
Bard College,New York,NY,Private,4 Year,15488,54680,70168,54680,70168
Bard College at Simon's Rock,Massachusetts,MA,Private,4 Year,14916,55732,70648,55732,70648
Barnard College,New York,NY,Private,4 Year,17225,55032,72257,55032,72257
Barry University,Florida,FL,Private,4 Year,11100,29850,40950,29850,40950
Barton College,North Carolina,NC,Private,4 Year,10120,30880,41000,30880,41000
Barton County Community College,Kansas,KS,Public,2 Year,5794,3440,9234,3440,9234
Bastyr University,Washington,WA,Private,4 Year,7590,26166,33756,26166,33756
Bates College,Maine,ME,Private,4 Year,15224,53794,69018,53794,69018
Bay College,Michigan,MI,Public,2 Year,3200,4830,8030,8910,12110
Bay Path University,Massachusetts,MA,Private,4 Year,12799,34225,47024,34225,47024
Bay State College,Massachusetts,MA,For Profit,2 Year,13300,27750,41050,27750,41050
Baylor University,Texas,TX,Private,4 Year,12595,45727,58322,45727,58322
Beacon College,Florida,FL,Private,4 Year,11390,39016,50406,39016,50406
Becker College,Massachusetts,MA,Private,4 Year,13800,39200,53000,39200,53000
Beis Medrash Heichal Dovid,New York,NY,Private,4 Year,4500,9500,14000,9500,14000
Belhaven University,Mississippi,MS,Private,4 Year,8500,25300,33800,25300,33800
Bellarmine University,Kentucky,KY,Private,4 Year,12250,42200,54450,42200,54450
Bellevue University,Nebraska,NE,Private,4 Year,8730,9390,18120,9390,18120
Belmont Abbey College,North Carolina,NC,Private,4 Year,10355,18500,28855,18500,28855
Belmont University,Tennessee,TN,Private,4 Year,12120,34310,46430,34310,46430
Beloit College,Wisconsin,WI,Private,4 Year,8830,50040,58870,50040,58870
Bemidji State University,Minnesota,MN,Public,4 Year,8408,8696,17104,8696,17104
Benedict College,South Carolina,SC,Private,4 Year,6200,16600,22800,16600,22800
Benedictine College,Kansas,KS,Private,4 Year,10300,29530,39830,29530,39830
Benedictine University,Illinois,IL,Private,4 Year,9480,34290,43770,34290,43770
Benjamin Franklin Institute of Technology,Massachusetts,MA,Private,2 Year,12400,18690,31090,18690,31090
Bennett College for Women,North Carolina,NC,Private,4 Year,8114,18513,26627,18513,26627
Bennington College,Vermont,VT,Private,4 Year,15610,54360,69970,54360,69970
Bentley University,Massachusetts,MA,Private,4 Year,16320,49880,66200,49880,66200
Berea College,Kentucky,KY,Private,4 Year,6764,39990,46754,39990,46754
Berklee College of Music,Massachusetts,MA,Private,4 Year,18180,42750,60930,42750,60930
Berry College,Georgia,GA,Private,4 Year,12770,36556,49326,36556,49326
Beth Medrash Govoha,New Jersey,NJ,Private,4 Year,4172,21388,25560,21388,25560
Bethany College,Kansas,KS,Private,4 Year,10605,28475,39080,28475,39080
Bethany College,West Virginia,WV,Private,4 Year,10580,29773,40353,29773,40353
Bethany Lutheran College,Minnesota,MN,Private,4 Year,8100,27650,35750,27650,35750
Bethel College,Indiana,IN,Private,4 Year,9000,28590,37590,28590,37590
Bethel College,Kansas,KS,Private,4 Year,8850,28780,37630,28780,37630
Bethel University,Tennessee,TN,Private,4 Year,9198,16552,25750,16552,25750
Bethel University,Minnesota,MN,Private,4 Year,10520,37300,47820,37300,47820
Bethune-Cookman University,Florida,FL,Private,4 Year,9412,14814,24226,14814,24226
Beulah Heights University,Georgia,GA,Private,4 Year,6000,9880,15880,9880,15880
Bevill State Community College,Alabama,AL,Public,2 Year,1300,4770,6070,8640,9940
Big Bend Community College,Washington,WA,Public,2 Year,3537,4272,7809,9703,13240
Biola University,California,CA,Private,4 Year,10730,40488,51218,40488,51218
Birmingham-Southern College,Alabama,AL,Private,4 Year,12350,17650,30000,17650,30000
Bismarck State College,North Dakota,ND,Public,2 Year,7794,4790,12584,6785,14579
Black Hills State University,South Dakota,SD,Public,4 Year,6978,8733,15711,11778,18756
Blackburn College,Illinois,IL,Private,4 Year,7930,22410,30340,22410,30340
Blackfeet Community College,Montana,MT,Public,2 Year,6787,3590,10377,3590,10377
Blinn College,Texas,TX,Public,2 Year,8103,3540,11643,10050,18153
Bloomfield College,New Jersey,NJ,Private,4 Year,11950,29550,41500,29550,41500
Bloomsburg University of Pennsylvania,Pennsylvania,PA,Public,4 Year,9686,10958,20644,22532,32218
Blue Mountain College,Mississippi,MS,Private,4 Year,6294,12584,18878,12584,18878
Bluefield College,Virginia,VA,Private,4 Year,9024,25290,34314,25290,34314
Bluffton University,Ohio,OH,Private,4 Year,10800,32766,43566,32766,43566
Bob Jones University,South Carolina,SC,Private,4 Year,6976,18150,25126,18150,25126
Boise Bible College,Idaho,ID,Private,4 Year,6200,12520,18720,12520,18720
Boise State University,Idaho,ID,Public,4 Year,10692,7694,18386,23776,34468
Boston Architectural College,Massachusetts,MA,Private,4 Year,13280,21894,35174,21894,35174
Boston Baptist College,Massachusetts,MA,Private,4 Year,7810,12600,20410,12600,20410
Boston College,Massachusetts,MA,Private,4 Year,14478,55464,69942,55464,69942
Boston Conservatory at Berklee,Massachusetts,MA,Private,4 Year,18360,46020,64380,46020,64380
Boston University,Massachusetts,MA,Private,4 Year,15720,53948,69668,53948,69668
Bowdoin College,Maine,ME,Private,4 Year,14698,53922,68620,53922,68620
Bowie State University,Maryland,MD,Public,4 Year,10904,8233,19137,18873,29777
Bowling Green State University,Ohio,OH,Public,4 Year,9168,11105,20273,19093,28261
Bradley University,Illinois,IL,Private,4 Year,10620,33760,44380,33760,44380
Brandeis University,Massachusetts,MA,Private,4 Year,15440,55395,70835,55395,70835
Brenau University,Georgia,GA,Private,4 Year,12418,29050,41468,29050,41468
Brescia University,Kentucky,KY,Private,4 Year,9200,22400,31600,22400,31600
Brevard College,North Carolina,NC,Private,4 Year,9900,29350,39250,29350,39250
Brewton-Parker College,Georgia,GA,Private,4 Year,7850,18690,26540,18690,26540
Briar Cliff University,Iowa,IA,Private,4 Year,9020,31964,40984,31964,40984
Bridgewater College,Virginia,VA,Private,4 Year,12720,35160,47880,35160,47880
Bridgewater State University,Massachusetts,MA,Public,4 Year,13090,10367,23457,16507,29597
Brigham Young University,Utah,UT,Private,4 Year,7628,5620,13248,5620,13248
Brigham Young University-Hawaii,Hawaii,HI,Private,4 Year,6586,5560,12146,5560,12146
Brigham Young University-Idaho,Idaho,ID,Private,4 Year,4592,4118,8710,4118,8710
Broome Community College,New York,NY,Public,2 Year,11818,5482,17300,10210,22028
Brown University,Rhode Island,RI,Private,4 Year,14670,55656,70326,55656,70326
Bryan College: Dayton,Tennessee,TN,Private,4 Year,7500,26800,34300,26800,34300
Bryant University,Rhode Island,RI,Private,4 Year,15702,43973,59675,43973,59675
Bryn Athyn College,Pennsylvania,PA,Private,4 Year,11886,22815,34701,22815,34701
Bryn Mawr College,Pennsylvania,PA,Private,4 Year,16500,52360,68860,52360,68860
Bucknell University,Pennsylvania,PA,Private,4 Year,13662,56092,69754,56092,69754
Bucks County Community College,Pennsylvania,PA,Public,2 Year,1500,5660,7160,14660,16160
Buena Vista University,Iowa,IA,Private,4 Year,9538,34004,43542,34004,43542
Butler Community College,Kansas,KS,Public,2 Year,5950,3180,9130,5310,11260
Butler University,Indiana,IN,Private,4 Year,13830,41120,54950,41120,54950
Cabrini University,Pennsylvania,PA,Private,4 Year,12266,31920,44186,31920,44186
Cairn University,Pennsylvania,PA,Private,4 Year,10294,27279,37573,27279,37573
Caldwell University,New Jersey,NJ,Private,4 Year,12025,34715,46740,34715,46740
California Baptist University,California,CA,Private,4 Year,12160,33478,45638,33478,45638
California Christian College,California,CA,Private,4 Year,4950,9570,14520,9570,14520
California College of the Arts,California,CA,Private,4 Year,10136,49138,59274,49138,59274
California Institute of Technology,California,CA,Private,4 Year,15525,52362,67887,52362,67887
California Institute of the Arts,California,CA,Private,4 Year,12069,49276,61345,49276,61345
California Lutheran University,California,CA,Private,4 Year,13779,42693,56472,42693,56472
California Maritime Academy,California,CA,Public,4 Year,12576,7135,19711,13273,25849
California Polytechnic State University: San Luis Obispo,California,CA,Public,4 Year,13796,9816,23612,21696,35492
California State Polytechnic University: Pomona,California,CA,Public,4 Year,17358,7353,24711,19233,36591
California State University: Bakersfield,California,CA,Public,4 Year,13746,7147,20893,19027,32773
California State University: Channel Islands,California,CA,Public,4 Year,16954,6817,23771,18697,35651
California State University: Chico,California,CA,Public,4 Year,12980,7618,20598,17122,30102
California State University: Dominguez Hills,California,CA,Public,4 Year,12540,6837,19377,18717,31257
California State University: East Bay,California,CA,Public,4 Year,13980,6834,20814,18714,32694
California State University: Fresno,California,CA,Public,4 Year,10587,6585,17172,18465,29052
California State University: Fullerton,California,CA,Public,4 Year,15898,6870,22768,18750,34648
California State University: Long Beach,California,CA,Public,4 Year,13312,6798,20110,18678,31990
California State University: Los Angeles,California,CA,Public,4 Year,13407,6639,20046,18519,31926
California State University: Monterey Bay,California,CA,Public,4 Year,12234,7143,19377,19023,31257
California State University: Northridge,California,CA,Public,4 Year,11122,6888,18010,17622,28744
California State University: Sacramento,California,CA,Public,4 Year,14396,7204,21600,19084,33480
California State University: San Bernardino,California,CA,Public,4 Year,12711,6656,19367,13064,25775
California State University: San Marcos,California,CA,Public,4 Year,13227,7648,20875,19166,32393
California State University: Stanislaus,California,CA,Public,4 Year,10542,7076,17618,20290,30832
California University of Pennsylvania,Pennsylvania,PA,Public,4 Year,10186,11108,21294,14966,25152
Calvary University,Missouri,MO,Private,4 Year,5492,11164,16656,11164,16656
Calvin College,Michigan,MI,Private,4 Year,10200,34600,44800,34600,44800
Cameron University,Oklahoma,OK,Public,4 Year,5452,6450,11902,15870,21322
Campbell University,North Carolina,NC,Private,4 Year,11430,32500,43930,32500,43930
Campbellsville University,Kentucky,KY,Private,4 Year,8000,25400,33400,25400,33400
Canisius College,New York,NY,Private,4 Year,11300,28488,39788,28488,39788
Capital University,Ohio,OH,Private,4 Year,10842,35466,46308,35466,46308
Capitol Technology University,Maryland,MD,Private,4 Year,5708,25428,31136,25428,31136
Cardinal Stritch University,Wisconsin,WI,Private,4 Year,8440,29998,38438,29998,38438
Carl Albert State College,Oklahoma,OK,Public,2 Year,4000,3818,7818,7943,11943
Carleton College,Minnesota,MN,Private,4 Year,14085,54759,68844,54759,68844
Carlow University,Pennsylvania,PA,Private,4 Year,11442,29454,40896,29454,40896
Carnegie Mellon University,Pennsylvania,PA,Private,4 Year,14418,55465,69883,55465,69883
Carroll College,Montana,MT,Private,4 Year,9880,35486,45366,35486,45366
Carroll University,Wisconsin,WI,Private,4 Year,9484,31918,41402,31918,41402
Carson-Newman University,Tennessee,TN,Private,4 Year,8810,27900,36710,27900,36710
Carthage College,Wisconsin,WI,Private,4 Year,11990,43550,55540,43550,55540
Carver College,Georgia,GA,Private,4 Year,6600,13475,20075,13475,20075
Case Western Reserve University,Ohio,OH,Private,4 Year,15190,49042,64232,49042,64232
Casper College,Wyoming,WY,Public,2 Year,6880,3072,9952,7584,14464
Castleton University,Vermont,VT,Public,4 Year,10598,12314,22912,28322,38920
Catawba College,North Carolina,NC,Private,4 Year,10488,30520,41008,30520,41008
Cazenovia College,New York,NY,Private,4 Year,14596,34630,49226,34630,49226
Cedar Crest College,Pennsylvania,PA,Private,4 Year,11544,39216,50760,39216,50760
Cedarville University,Ohio,OH,Private,4 Year,7360,30270,37630,30270,37630
Centenary College of Louisiana,Louisiana,LA,Private,4 Year,13400,36580,49980,36580,49980
Centenary University,New Jersey,NJ,Private,4 Year,11444,32998,44442,32998,44442
Central Arizona College,Arizona,AZ,Public,2 Year,7700,2580,10280,11100,18800
Central Baptist College,Arkansas,AR,Private,4 Year,7500,16200,23700,16200,23700
Central Christian College of Kansas,Kansas,KS,Private,4 Year,8286,26674,34960,26674,34960
Central College,Iowa,IA,Private,4 Year,10280,37295,47575,37295,47575
Central Community College,Nebraska,NE,Public,2 Year,7106,3000,10106,4320,11426
Central Connecticut State University,Connecticut,CT,Public,4 Year,12176,10616,22792,21856,34032
Central Lakes College,Minnesota,MN,Public,2 Year,4000,5492,9492,5492,9492
Central Maine Community College,Maine,ME,Public,2 Year,9340,3720,13060,6540,15880
Central Methodist University,Missouri,MO,Private,4 Year,7940,24420,32360,24420,32360
Central Michigan University,Michigan,MI,Public,4 Year,10076,12960,23036,12960,23036
Central Oregon Community College,Oregon,OR,Public,2 Year,10770,4938,15708,13218,23988
Central Penn College,Pennsylvania,PA,For Profit,4 Year,8094,18714,26808,18714,26808
Central State University,Ohio,OH,Public,4 Year,10232,6346,16578,8346,18578
Central Texas College,Texas,TX,Public,2 Year,5040,2700,7740,7050,12090
Central Washington University,Washington,WA,Public,4 Year,11115,8072,19187,23053,34168
Central Wyoming College,Wyoming,WY,Public,2 Year,6681,3120,9801,7632,14313
Central Yeshiva Tomchei Tmimim-Lubavitch,New York,NY,Private,4 Year,3500,7700,11200,7700,11200
Centre College,Kentucky,KY,Private,4 Year,10480,41700,52180,41700,52180
Chadron State College,Nebraska,NE,Public,4 Year,7380,7196,14576,7196,14576
Chaminade University of Honolulu,Hawaii,HI,Private,4 Year,13630,25374,39004,25374,39004
Champlain College,Vermont,VT,Private,4 Year,15354,41010,56364,41010,56364
Chapman University,California,CA,Private,4 Year,15828,52724,68552,52724,68552
Charleston Southern University,South Carolina,SC,Private,4 Year,10200,25500,35700,25500,35700
Chatham University,Pennsylvania,PA,Private,4 Year,12090,37611,49701,37611,49701
Chestnut Hill College,Pennsylvania,PA,Private,4 Year,11000,36180,47180,36180,47180
Cheyney University of Pennsylvania,Pennsylvania,PA,Public,4 Year,11018,9479,20497,14495,25513
Chicago State University,Illinois,IL,Public,4 Year,8724,12177,20901,20877,29601
Chowan University,North Carolina,NC,Private,4 Year,9400,24980,34380,24980,34380
Christendom College,Virginia,VA,Private,4 Year,10280,26360,36640,26360,36640
Christian Brothers University,Tennessee,TN,Private,4 Year,7400,32820,40220,32820,40220
Christopher Newport University,Virginia,VA,Public,4 Year,11460,14754,26214,27220,38680
Cincinnati Christian University,Ohio,OH,Private,4 Year,8360,17528,25888,17528,25888
Cisco College,Texas,TX,Public,2 Year,4355,2940,7295,5070,9425
City University of New York: Baruch College,New York,NY,Public,4 Year,15178,7261,22439,18531,33709
City University of New York: City College,New York,NY,Public,4 Year,18124,7140,25264,18410,36534
City University of New York: College of Staten Island,New York,NY,Public,4 Year,18265,7289,25554,18559,36824
City University of New York: Hunter College,New York,NY,Public,4 Year,9714,7180,16894,18450,28164
City University of New York: John Jay College of Criminal Justice,New York,NY,Public,4 Year,17750,7270,25020,18540,36290
City University of New York: Lehman College,New York,NY,Public,4 Year,11820,7209,19029,18479,30299
City University of New York: Queens College,New York,NY,Public,4 Year,12380,7338,19718,18608,30988
Claflin University,South Carolina,SC,Private,4 Year,9294,16622,25916,16622,25916
Claremont McKenna College,California,CA,Private,4 Year,16705,54405,71110,54405,71110
Clarendon College,Texas,TX,Public,2 Year,4176,5250,9426,7560,11736
Clarion University of Pennsylvania,Pennsylvania,PA,Public,4 Year,12670,11175,23845,15033,27703
Clark Atlanta University,Georgia,GA,Private,4 Year,9524,23436,32960,23436,32960
Clark University,Massachusetts,MA,Private,4 Year,9170,45730,54900,45730,54900
Clarke University,Iowa,IA,Private,4 Year,9600,33350,42950,33350,42950
Clarks Summit University,Pennsylvania,PA,Private,4 Year,6320,23890,30210,23890,30210
Clarkson College,Nebraska,NE,Private,4 Year,5398,16920,22318,16920,22318
Clarkson University,New York,NY,Private,4 Year,14908,49444,64352,49444,64352
Clayton State University,Georgia,GA,Public,4 Year,9994,6410,16404,19486,29480
Clear Creek Baptist Bible College,Kentucky,KY,Private,4 Year,4160,9440,13600,9440,13600
Cleary University,Michigan,MI,Private,4 Year,9600,20250,29850,20250,29850
Clemson University,South Carolina,SC,Public,4 Year,10832,14970,25802,36724,47556
Cleveland Institute of Art,Ohio,OH,Private,4 Year,14386,42055,56441,42055,56441
Cleveland Institute of Music,Ohio,OH,Private,4 Year,15048,41987,57035,41987,57035
Cleveland State University,Ohio,OH,Public,4 Year,13560,10625,24185,14992,28552
Clinton College,South Carolina,SC,Private,2 Year,9551,10020,19571,10020,19571
Clinton Community College,New York,NY,Public,2 Year,10500,6090,16590,11096,21596
Cloud County Community College,Kansas,KS,Public,2 Year,5900,3030,8930,3470,9370
Coahoma Community College,Mississippi,MS,Public,2 Year,4420,2996,7416,3446,7866
Coastal Alabama Community College,Alabama,AL,Public,2 Year,5800,4740,10540,8610,14410
Coastal Bend College,Texas,TX,Public,2 Year,5100,2646,7746,4956,10056
Coastal Carolina University,South Carolina,SC,Public,4 Year,9190,11536,20726,26648,35838
Cochise College,Arizona,AZ,Public,2 Year,7272,2550,9822,7800,15072
Coe College,Iowa,IA,Private,4 Year,9480,45000,54480,45000,54480
Coffeyville Community College,Kansas,KS,Public,2 Year,6180,2160,8340,3630,9810
Cogswell Polytechnical College,California,CA,For Profit,4 Year,11000,20056,31056,20056,31056
Coker College,South Carolina,SC,Private,4 Year,9090,29328,38418,29328,38418
Colby College,Maine,ME,Private,4 Year,14190,55210,69400,55210,69400
Colby Community College,Kansas,KS,Public,2 Year,3704,3616,7320,5504,9208
Colby-Sawyer College,New Hampshire,NH,Private,4 Year,14264,42398,56662,42398,56662
Colgate University,New York,NY,Private,4 Year,13995,55870,69865,55870,69865
College for Creative Studies,Michigan,MI,Private,4 Year,8800,44110,52910,44110,52910
College of Charleston,South Carolina,SC,Public,4 Year,12166,12738,24904,31920,44086
College of Coastal Georgia,Georgia,GA,Public,4 Year,9520,3971,13491,10578,20098
College of Idaho,Idaho,ID,Private,4 Year,9697,30155,39852,30155,39852
College of Mount St. Vincent,New York,NY,Private,4 Year,10500,38180,48680,38180,48680
College of New Rochelle,New York,NY,Private,4 Year,14592,37760,52352,37760,52352
College of Saint Mary,Nebraska,NE,Private,4 Year,7700,20350,28050,20350,28050
College of Saint Rose,New York,NY,Private,4 Year,12714,32574,45288,32574,45288
College of Southern Idaho,Idaho,ID,Public,2 Year,5750,4200,9950,8550,14300
College of St. Benedict,Minnesota,MN,Private,4 Year,10904,45264,56168,45264,56168
College of St. Elizabeth,New Jersey,NJ,Private,4 Year,12744,33613,46357,33613,46357
College of St. Joseph in Vermont,Vermont,VT,Private,4 Year,12000,18520,30520,18520,30520
College of St. Scholastica,Minnesota,MN,Private,4 Year,9710,37212,46922,37212,46922
College of the Atlantic,Maine,ME,Private,4 Year,9747,43542,53289,43542,53289
College of the Holy Cross,Massachusetts,MA,Private,4 Year,14520,52770,67290,52770,67290
College of the Muscogee Nation,Oklahoma,OK,Public,2 Year,9045,6593,15638,15008,24053
College of the Ozarks,Missouri,MO,Private,4 Year,7400,19360,26760,19360,26760
College of the Redwoods,California,CA,Public,2 Year,8231,1418,9649,9188,17419
College of the Siskiyous,California,CA,Public,2 Year,8000,1430,9430,9170,17170
College of William and Mary,Virginia,VA,Public,4 Year,12236,23400,35636,44701,56937
College of Wooster,Ohio,OH,Private,4 Year,11850,50250,62100,50250,62100
Colorado Christian University,Colorado,CO,Private,4 Year,11846,31866,43712,31866,43712
Colorado College,Colorado,CO,Private,4 Year,12512,55470,67982,55470,67982
Colorado Mesa University,Colorado,CO,Public,4 Year,10925,9243,20168,22440,33365
Colorado Mountain College,Colorado,CO,Public,2 Year,11658,2700,14358,13890,25548
Colorado Northwestern Community College,Colorado,CO,Public,2 Year,7370,4906,12276,7885,15255
Colorado School of Mines,Colorado,CO,Public,4 Year,13169,18964,32133,38584,51753
Colorado State University,Colorado,CO,Public,4 Year,11964,11831,23795,29732,41696
Colorado State University: Pueblo,Colorado,CO,Public,4 Year,10470,10408,20878,26329,36799
Columbia College,South Carolina,SC,Private,4 Year,7900,19500,27400,19500,27400
Columbia College,Missouri,MO,Private,4 Year,7808,22704,30512,22704,30512
Columbia College Chicago,Illinois,IL,Private,4 Year,14012,27176,41188,27176,41188
Columbia International University,South Carolina,SC,Private,4 Year,8150,23690,31840,23690,31840
Columbia University,New York,NY,Private,4 Year,14016,59985,74001,59985,74001
Columbia University: School of General Studies,New York,NY,Private,4 Year,14190,57549,71739,57549,71739
Columbus College of Art and Design,Ohio,OH,Private,4 Year,9570,36020,45590,36020,45590
Columbus State University,Georgia,GA,Public,4 Year,9880,7200,17080,20682,30562
Commonwealth Technical Institute,Pennsylvania,PA,Private,2 Year,10980,11324,22304,11324,22304
Conception Seminary College,Missouri,MO,Private,4 Year,13321,21526,34847,21526,34847
Concord University,West Virginia,WV,Public,4 Year,8988,7896,16884,17320,26308
Concordia College,New York,NY,Private,4 Year,12690,32900,45590,32900,45590
Concordia College,Alabama,AL,Private,4 Year,5700,10120,15820,10120,15820
Concordia College: Moorhead,Minnesota,MN,Private,4 Year,8230,39878,48108,39878,48108
Concordia University,Michigan,MI,Private,4 Year,10310,29320,39630,29320,39630
Concordia University,Oregon,OR,Private,4 Year,9520,30908,40428,30908,40428
Concordia University,Nebraska,NE,Private,4 Year,8470,32220,40690,32220,40690
Concordia University Chicago,Illinois,IL,Private,4 Year,9748,32078,41826,32078,41826
Concordia University Irvine,California,CA,Private,4 Year,11300,35400,46700,35400,46700
Concordia University St. Paul,Minnesota,MN,Private,4 Year,9000,22275,31275,22275,31275
Concordia University Texas,Texas,TX,Private,4 Year,11018,31810,42828,31810,42828
Concordia University Wisconsin,Wisconsin,WI,Private,4 Year,10860,29450,40310,29450,40310
Connecticut College,Connecticut,CT,Private,4 Year,15150,54820,69970,54820,69970
Connors State College,Oklahoma,OK,Public,2 Year,6032,4328,10360,9031,15063
Converse College,South Carolina,SC,Private,4 Year,10930,18690,29620,18690,29620
Cooper Union for the Advancement of Science and Art,New York,NY,Private,4 Year,16638,46700,63338,46700,63338
Copiah-Lincoln Community College,Mississippi,MS,Public,2 Year,3850,3180,7030,5180,9030
Coppin State University,Maryland,MD,Public,4 Year,10390,6625,17015,12896,23286
Corban University,Oregon,OR,Private,4 Year,10228,33040,43268,33040,43268
Cornell College,Iowa,IA,Private,4 Year,9384,42299,51683,42299,51683
Cornell University,New York,NY,Private,4 Year,14816,55188,70004,55188,70004
Cornerstone University,Michigan,MI,Private,4 Year,9300,24500,33800,24500,33800
Corning Community College,New York,NY,Public,2 Year,9600,5348,14948,10148,19748
Cornish College of the Arts,Washington,WA,Private,4 Year,12400,41642,54042,41642,54042
Cottey College,Missouri,MO,Private,4 Year,7700,21150,28850,21150,28850
Covenant College,Georgia,GA,Private,4 Year,10260,34330,44590,34330,44590
Cowley County Community College,Kansas,KS,Public,2 Year,5200,3000,8200,4710,9910
Creighton University,Nebraska,NE,Private,4 Year,11036,39916,50952,39916,50952
Crowder College,Missouri,MO,Public,2 Year,5564,3540,9104,5040,10604
Crowley's Ridge College,Arkansas,AR,Private,2 Year,6350,13000,19350,13000,19350
Crown College,Minnesota,MN,Private,4 Year,8660,26200,34860,26200,34860
Culinary Institute of America,New York,NY,Private,4 Year,11560,32720,44280,32720,44280
Culver-Stockton College,Missouri,MO,Private,4 Year,8520,26680,35200,26680,35200
Cumberland University,Tennessee,TN,Private,4 Year,9290,22890,32180,22890,32180
Curry College,Massachusetts,MA,Private,4 Year,15885,39720,55605,39720,55605
D'Youville College,New York,NY,Private,4 Year,12224,26750,38974,26750,38974
Daemen College,New York,NY,Private,4 Year,12915,28580,41495,28580,41495
Dakota College at Bottineau,North Dakota,ND,Public,2 Year,7210,4568,11778,6444,13654
Dakota State University,South Dakota,SD,Public,4 Year,6873,9276,16149,12249,19122
Dakota Wesleyan University,South Dakota,SD,Private,4 Year,7350,27300,34650,27300,34650
Dallas Baptist University,Texas,TX,Private,4 Year,7992,28870,36862,28870,36862
Dallas Christian College,Texas,TX,Private,4 Year,9010,17620,26630,17620,26630
Dalton State College,Georgia,GA,Public,4 Year,8950,4246,13196,12668,21618
Dartmouth College,New Hampshire,NH,Private,4 Year,15756,55453,71209,55453,71209
Davenport University,Michigan,MI,Private,4 Year,9928,22800,32728,22800,32728
Davidson College,North Carolina,NC,Private,4 Year,14372,51447,65819,51447,65819
Davis and Elkins College,West Virginia,WV,Private,4 Year,9450,29390,38840,29390,38840
Davis College,New York,NY,Private,4 Year,8100,17150,25250,17150,25250
Dawson Community College,Montana,MT,Public,2 Year,6075,3720,9795,7770,13845
Dean College,Massachusetts,MA,Private,2 Year,16836,39734,56570,39734,56570
Defiance College,Ohio,OH,Private,4 Year,10220,32730,42950,32730,42950
Delaware College of Art and Design,Delaware,DE,Private,2 Year,12450,25395,37845,25395,37845
Delaware State University,Delaware,DE,Public,4 Year,12190,7868,20058,16904,29094
Delaware Valley University,Pennsylvania,PA,Private,4 Year,14340,39440,53780,39440,53780
Delta State University,Mississippi,MS,Public,4 Year,7722,7246,14968,7246,14968
Denison University,Ohio,OH,Private,4 Year,12710,51960,64670,51960,64670
Denmark Technical College,South Carolina,SC,Public,2 Year,4024,5400,9424,9150,13174
DePaul University,Illinois,IL,Private,4 Year,14235,39975,54210,39975,54210
DePauw University,Indiana,IN,Private,4 Year,13020,49704,62724,49704,62724
Des Moines Area Community College,Iowa,IA,Public,2 Year,7302,4710,12012,9420,16722
DeSales University,Pennsylvania,PA,Private,4 Year,12800,37600,50400,37600,50400
Dickinson College,Pennsylvania,PA,Private,4 Year,13698,54661,68359,54661,68359
Dickinson State University,North Dakota,ND,Public,4 Year,6898,6765,13663,9544,16442
Dillard University,Louisiana,LA,Private,4 Year,10100,18099,28199,18099,28199
Dine College,Arizona,AZ,Public,2 Year,4610,1410,6020,1410,6020
Divine Word College,Iowa,IA,Private,4 Year,3700,13485,17185,13485,17185
Dixie State University,Utah,UT,Public,4 Year,6328,5253,11581,15051,21379
Doane University,Nebraska,NE,Private,4 Year,9400,33800,43200,33800,43200
Dodge City Community College,Kansas,KS,Public,2 Year,6650,2840,9490,3680,10330
Dominican College of Blauvelt,New York,NY,Private,4 Year,13150,29000,42150,29000,42150
Dominican University,Illinois,IL,Private,4 Year,10241,33434,43675,33434,43675
Dominican University of California,California,CA,Private,4 Year,14810,45850,60660,45850,60660
Dordt College,Iowa,IA,Private,4 Year,9590,30870,40460,30870,40460
Drake University,Iowa,IA,Private,4 Year,10528,41396,51924,41396,51924
Drew University,New Jersey,NJ,Private,4 Year,14108,39500,53608,39500,53608
Drexel University,Pennsylvania,PA,Private,4 Year,14079,53279,67358,53279,67358
Drury University,Missouri,MO,Private,4 Year,8096,28365,36461,28365,36461
Duke University,North Carolina,NC,Private,4 Year,15178,55695,70873,55695,70873
Duquesne University,Pennsylvania,PA,Private,4 Year,12586,38178,50764,38178,50764
Dutchess Community College,New York,NY,Public,2 Year,11518,4404,15922,8268,19786
Earlham College,Indiana,IN,Private,4 Year,10400,46450,56850,46450,56850
East Carolina University,North Carolina,NC,Public,4 Year,9606,7188,16794,23465,33071
East Central Community College,Mississippi,MS,Public,2 Year,3830,2870,6700,4970,8800
East Central University,Oklahoma,OK,Public,4 Year,5514,6810,12324,17700,23214
East Georgia State College,Georgia,GA,Public,2 Year,9084,3666,12750,11412,20496
East Mississippi Community College,Mississippi,MS,Public,2 Year,4800,3440,8240,6440,11240
East Stroudsburg University of Pennsylvania,Pennsylvania,PA,Public,4 Year,9700,11084,20784,23516,33216
East Tennessee State University,Tennessee,TN,Public,4 Year,8472,9277,17749,28459,36931
East Texas Baptist University,Texas,TX,Private,4 Year,9079,26370,35449,26370,35449
Eastern Arizona College,Arizona,AZ,Public,2 Year,6790,2700,9490,8700,15490
Eastern Connecticut State University,Connecticut,CT,Public,4 Year,13560,11356,24916,22596,36156
Eastern Illinois University,Illinois,IL,Public,4 Year,9882,11803,21685,14023,23905
Eastern Kentucky University,Kentucky,KY,Public,4 Year,9018,9296,18314,19074,28092
Eastern Maine Community College,Maine,ME,Public,2 Year,8930,3816,12746,6636,15566
Eastern Mennonite University,Virginia,VA,Private,4 Year,11160,37100,48260,37100,48260
Eastern Michigan University,Michigan,MI,Public,4 Year,9854,13959,23813,13959,23813
Eastern Nazarene College,Massachusetts,MA,Private,4 Year,9624,25598,35222,25598,35222
Eastern New Mexico University,New Mexico,NM,Public,4 Year,7162,6206,13368,8128,15290
Eastern Oklahoma State College,Oklahoma,OK,Public,2 Year,5777,4697,10474,8314,14091
Eastern Oregon University,Oregon,OR,Public,4 Year,10040,8679,18719,20739,30779
Eastern University,Pennsylvania,PA,Private,4 Year,11254,33122,44376,33122,44376
Eastern Washington University,Washington,WA,Public,4 Year,12793,7323,20116,24444,37237
Eastern Wyoming College,Wyoming,WY,Public,2 Year,6320,3096,9416,7608,13928
Eastman School of Music of the University of Rochester,New York,NY,Private,4 Year,15862,54584,70446,54584,70446
Ecclesia College,Arkansas,AR,Private,4 Year,5810,15140,20950,15140,20950
Eckerd College,Florida,FL,Private,4 Year,12588,44540,57128,44540,57128
Edgewood College,Wisconsin,WI,Private,4 Year,11020,29500,40520,29500,40520
Edinboro University of Pennsylvania,Pennsylvania,PA,Public,4 Year,9408,10543,19951,15062,24470
Edmonds Community College,Washington,WA,Public,2 Year,7400,4471,11871,4471,11871
Edward Waters College,Florida,FL,Private,4 Year,7282,13725,21007,13725,21007
Elizabeth City State University,North Carolina,NC,Public,4 Year,8840,3194,12034,7194,16034
Elizabethtown College,Pennsylvania,PA,Private,4 Year,11370,46940,58310,46940,58310
Ellsworth Community College,Iowa,IA,Public,2 Year,5970,5970,11940,7140,13110
Elmhurst College,Illinois,IL,Private,4 Year,10366,37055,47421,37055,47421
Elmira College,New York,NY,Private,4 Year,12000,41900,53900,41900,53900
Elms College,Massachusetts,MA,Private,4 Year,13108,35788,48896,35788,48896
Elon University,North Carolina,NC,Private,4 Year,12230,35319,47549,35319,47549
Embry-Riddle Aeronautical University: Daytona Beach Campus,Florida,FL,Private,4 Year,11438,35814,47252,35814,47252
Embry-Riddle Aeronautical University: Prescott Campus,Arizona,AZ,Private,4 Year,11394,35654,47048,35654,47048
Emerson College,Massachusetts,MA,Private,4 Year,17690,46852,64542,46852,64542
Emmanuel College,Georgia,GA,Private,4 Year,8136,20292,28428,20292,28428
Emmanuel College,Massachusetts,MA,Private,4 Year,14994,39804,54798,39804,54798
Emmaus Bible College,Iowa,IA,Private,4 Year,8500,18400,26900,18400,26900
Emory & Henry College,Virginia,VA,Private,4 Year,12100,35135,47235,35135,47235
Emory University,Georgia,GA,Private,4 Year,14456,51306,65762,51306,65762
Emporia State University,Kansas,KS,Public,4 Year,8912,6758,15670,20675,29587
Endicott College,Massachusetts,MA,Private,4 Year,15726,33050,48776,33050,48776
Erskine College,South Carolina,SC,Private,4 Year,10900,34560,45460,34560,45460
Eugene Lang College The New School for Liberal Arts,New York,NY,Private,4 Year,18000,48191,66191,48191,66191
Eureka College,Illinois,IL,Private,4 Year,9620,25390,35010,25390,35010
Evangel University,Missouri,MO,Private,4 Year,8522,23296,31818,23296,31818
Everett Community College,Washington,WA,Public,2 Year,8500,4417,12917,4417,12917
Evergreen State College,Washington,WA,Public,4 Year,11346,7949,19295,26459,37805
Fairfield University,Connecticut,CT,Private,4 Year,14710,48350,63060,48350,63060
Fairleigh Dickinson University: College at Florham,New Jersey,NJ,Private,4 Year,13392,42618,56010,42618,56010
Fairleigh Dickinson University: Metropolitan Campus,New Jersey,NJ,Private,4 Year,13348,40236,53584,40236,53584
Fairmont State University,West Virginia,WV,Public,4 Year,9004,7514,16518,16324,25328
Faith Baptist Bible College and Theological Seminary,Iowa,IA,Private,4 Year,6800,16876,23676,16876,23676
Family of Faith College,Oklahoma,OK,Private,4 Year,2400,6400,8800,6400,8800
Fashion Institute of Technology,New York,NY,Public,4 Year,14480,5740,20220,15520,30000
Faulkner University,Alabama,AL,Private,4 Year,7750,21690,29440,21690,29440
Fayetteville State University,North Carolina,NC,Public,4 Year,8236,4915,13151,16523,24759
Feather River College,California,CA,Public,2 Year,5350,1461,6811,8511,13861
Felician University,New Jersey,NJ,Private,4 Year,12880,34315,47195,34315,47195
Ferris State University,Michigan,MI,Public,4 Year,9894,12630,22524,12630,22524
Ferrum College,Virginia,VA,Private,4 Year,11500,34175,45675,34175,45675
Finger Lakes Community College,New York,NY,Public,2 Year,9737,5158,14895,7450,17187
Finlandia University,Michigan,MI,Private,4 Year,8800,22758,31558,22758,31558
Fisher College,Massachusetts,MA,Private,4 Year,15926,31384,47310,31384,47310
Fisk University,Tennessee,TN,Private,4 Year,10790,21480,32270,21480,32270
Fitchburg State University,Massachusetts,MA,Public,4 Year,10922,10355,21277,16435,27357
Five Towns College,New York,NY,For Profit,4 Year,12820,21640,34460,21640,34460
Flagler College,Florida,FL,Private,4 Year,11340,18950,30290,18950,30290
Florida Agricultural and Mechanical University,Florida,FL,Public,4 Year,10594,5827,16421,17768,28362
Florida Atlantic University,Florida,FL,Public,4 Year,11896,6039,17935,21595,33491
Florida College,Florida,FL,Private,4 Year,8370,17142,25512,17142,25512
Florida Gulf Coast University,Florida,FL,Public,4 Year,10156,6118,16274,25162,35318
Florida Institute of Technology,Florida,FL,Private,4 Year,12880,41850,54730,41850,54730
Florida International University,Florida,FL,Public,4 Year,10882,6558,17440,18956,29838
Florida Keys Community College,Florida,FL,Public,2 Year,10200,3277,13477,13162,23362
Florida Memorial University,Florida,FL,Private,4 Year,7816,15536,23352,15536,23352
Florida Southern College,Florida,FL,Private,4 Year,11650,36348,47998,36348,47998
Florida SouthWestern State College,Florida,FL,Public,2 Year,9000,3401,12401,13944,22944
Florida State University,Florida,FL,Public,4 Year,10816,6516,17332,21683,32499
Fond du Lac Tribal and Community College,Minnesota,MN,Public,2 Year,3598,5258,8856,5258,8856
Fontbonne University,Missouri,MO,Private,4 Year,10530,26340,36870,26340,36870
Fordham University,New York,NY,Private,4 Year,17969,52687,70656,52687,70656
Fort Hays State University,Kansas,KS,Public,4 Year,8300,5133,13433,15201,23501
Fort Lewis College,Colorado,CO,Public,4 Year,9878,9040,18918,19696,29574
Fort Peck Community College,Montana,MT,Public,2 Year,6075,2520,8595,2520,8595
Fort Scott Community College,Kansas,KS,Public,2 Year,5770,2880,8650,3330,9100
Fort Valley State University,Georgia,GA,Public,4 Year,8372,6664,15036,19740,28112
Framingham State University,Massachusetts,MA,Public,4 Year,12306,10335,22641,16415,28721
Francis Marion University,South Carolina,SC,Public,4 Year,7948,11160,19108,21544,29492
Franciscan University of Steubenville,Ohio,OH,Private,4 Year,8500,27630,36130,27630,36130
Frank Phillips College,Texas,TX,Public,2 Year,5040,2838,7878,3850,8890
Franklin & Marshall College,Pennsylvania,PA,Private,4 Year,14050,56750,70800,56750,70800
Franklin College,Indiana,IN,Private,4 Year,9946,32010,41956,32010,41956
Franklin Pierce University,New Hampshire,NH,Private,4 Year,13345,36900,50245,36900,50245
Franklin W. Olin College of Engineering,Massachusetts,MA,Private,4 Year,16300,53736,70036,53736,70036
Freed-Hardeman University,Tennessee,TN,Private,4 Year,8260,21950,30210,21950,30210
Fresno Pacific University,California,CA,Private,4 Year,8676,31452,40128,31452,40128
Friends University,Kansas,KS,Private,4 Year,7972,28415,36387,28415,36387
Frostburg State University,Maryland,MD,Public,4 Year,10202,9172,19374,22892,33094
Fulton-Montgomery Community College,New York,NY,Public,2 Year,11870,5460,17330,10060,21930
Furman University,South Carolina,SC,Private,4 Year,12712,49532,62244,49532,62244
Gadsden State Community College,Alabama,AL,Public,2 Year,3600,4800,8400,8430,12030
Gannon University,Pennsylvania,PA,Private,4 Year,12650,32136,44786,32136,44786
Garden City Community College,Kansas,KS,Public,2 Year,5450,3120,8570,3690,9140
Gardner-Webb University,North Carolina,NC,Private,4 Year,10390,31220,41610,31220,41610
Garrett College,Maryland,MD,Public,2 Year,8275,4380,12655,9870,18145
Genesee Community College,New York,NY,Public,2 Year,8720,4640,13360,5240,13960
Geneva College,Pennsylvania,PA,Private,4 Year,10170,26730,36900,26730,36900
George Fox University,Oregon,OR,Private,4 Year,11250,36020,47270,36020,47270
George Mason University,Virginia,VA,Public,4 Year,11460,12462,23922,35922,47382
Georgetown College,Kentucky,KY,Private,4 Year,9780,38650,48430,38650,48430
Georgia College and State University,Georgia,GA,Public,4 Year,11016,9346,20362,28060,39076
Georgia Gwinnett College,Georgia,GA,Public,4 Year,12870,6124,18994,18552,31422
Georgia Institute of Technology,Georgia,GA,Public,4 Year,11884,12424,24308,33020,44904
Georgia Southern University,Georgia,GA,Public,4 Year,10070,7422,17492,20904,30974
Georgia Southwestern State University,Georgia,GA,Public,4 Year,8120,6336,14456,19412,27532
Georgia State University,Georgia,GA,Public,4 Year,11378,10858,22236,29432,40810
Georgian Court University,New Jersey,NJ,Private,4 Year,10808,32876,43684,32876,43684
Gettysburg College,Pennsylvania,PA,Private,4 Year,13010,54480,67490,54480,67490
Goddard College,Vermont,VT,Private,4 Year,1698,16586,18284,16586,18284
Gogebic Community College,Michigan,MI,Public,2 Year,5600,4924,10524,7373,12973
Goldey-Beacom College,Delaware,DE,Private,4 Year,6400,24300,30700,24300,30700
Gonzaga University,Washington,WA,Private,4 Year,11944,43210,55154,43210,55154
Gordon College,Massachusetts,MA,Private,4 Year,11070,37400,48470,37400,48470
Gordon State College,Georgia,GA,Public,2 Year,6656,4292,10948,12714,19370
Goshen College,Indiana,IN,Private,4 Year,10650,33700,44350,33700,44350
Goucher College,Maryland,MD,Private,4 Year,14506,44300,58806,44300,58806
Governors State University,Illinois,IL,Public,4 Year,10346,12196,22542,21586,31932
Grace Bible College,Michigan,MI,Private,4 Year,7700,19950,27650,19950,27650
Grace College,Indiana,IN,Private,4 Year,9134,24768,33902,24768,33902
Grace University,Nebraska,NE,Private,4 Year,6912,23030,29942,23030,29942
Graceland University,Iowa,IA,Private,4 Year,8760,29240,38000,29240,38000
Grambling State University,Louisiana,LA,Public,4 Year,7192,7435,14627,16458,23650
Grand Canyon University,Arizona,AZ,For Profit,4 Year,10100,27090,37190,27090,37190
Grand Valley State University,Michigan,MI,Public,4 Year,8690,12484,21174,17762,26452
Grand View University,Iowa,IA,Private,4 Year,9178,27608,36786,27608,36786
Grayson College,Texas,TX,Public,2 Year,5700,3600,9300,6120,11820
Great Basin College,Nevada,NV,Public,4 Year,3366,3128,6494,9542,12908
Great Lakes Christian College,Michigan,MI,Private,4 Year,8800,17220,26020,17220,26020
Green Mountain College,Vermont,VT,Private,4 Year,11722,37002,48724,37002,48724
Greensboro College,North Carolina,NC,Private,4 Year,10800,29140,39940,29140,39940
Greenville University,Illinois,IL,Private,4 Year,9048,27152,36200,27152,36200
Grinnell College,Iowa,IA,Private,4 Year,12810,52392,65202,52392,65202
Grove City College,Pennsylvania,PA,Private,4 Year,9770,17930,27700,17930,27700
Guilford College,North Carolina,NC,Private,4 Year,11200,38250,49450,38250,49450
Gustavus Adolphus College,Minnesota,MN,Private,4 Year,9910,45400,55310,45400,55310
Gutenberg College,Oregon,OR,Private,4 Year,5000,13650,18650,13650,18650
Gwynedd Mercy University,Pennsylvania,PA,Private,4 Year,12370,35600,47970,35600,47970
Hamilton College,New York,NY,Private,4 Year,13870,54620,68490,54620,68490
Hamline University,Minnesota,MN,Private,4 Year,10358,41298,51656,41298,51656
Hampden-Sydney College,Virginia,VA,Private,4 Year,13558,45746,59304,45746,59304
Hampshire College,Massachusetts,MA,Private,4 Year,13606,51668,65274,51668,65274
Hampton University,Virginia,VA,Private,4 Year,11778,26702,38480,26702,38480
Hannibal-LaGrange University,Missouri,MO,Private,4 Year,8108,22750,30858,22750,30858
Hanover College,Indiana,IN,Private,4 Year,11580,37670,49250,37670,49250
Harcum College,Pennsylvania,PA,Private,2 Year,10200,24200,34400,24200,34400
Hardin-Simmons University,Texas,TX,Private,4 Year,8080,28990,37070,28990,37070
Harding University,Arkansas,AR,Private,4 Year,7044,20135,27179,20135,27179
Harris-Stowe State University,Missouri,MO,Public,4 Year,9250,5340,14590,9973,19223
Harrisburg University of Science and Technology,Pennsylvania,PA,Private,4 Year,6800,23900,30700,23900,30700
Hartwick College,New York,NY,Private,4 Year,12460,45510,57970,45510,57970
Harvard College,Massachusetts,MA,Private,4 Year,17160,50420,67580,50420,67580
Harvey Mudd College,California,CA,Private,4 Year,18127,56876,75003,56876,75003
Haskell Indian Nations University,Kansas,KS,Public,4 Year,950,480,1430,480,1430
Hastings College,Nebraska,NE,Private,4 Year,9700,30050,39750,30050,39750
Haverford College,Pennsylvania,PA,Private,4 Year,16402,54592,70994,54592,70994
Hawaii Pacific University,Hawaii,HI,Private,4 Year,14800,25980,40780,25980,40780
Hawaii Tokai International College,Hawaii,HI,Private,2 Year,9000,13485,22485,13485,22485
Hebrew Theological College,Illinois,IL,Private,4 Year,12380,12920,25300,12920,25300
Heidelberg University,Ohio,OH,Private,4 Year,10400,31000,41400,31000,41400
Hellenic College/Holy Cross,Massachusetts,MA,Private,4 Year,16192,22490,38682,22490,38682
Henderson State University,Arkansas,AR,Public,4 Year,7504,8436,15940,10086,17590
Hendrix College,Arkansas,AR,Private,4 Year,12284,45790,58074,45790,58074
Heritage Christian University,Alabama,AL,Private,4 Year,5745,12312,18057,12312,18057
Herkimer County Community College,New York,NY,Public,2 Year,10128,5320,15448,7950,18078
Hesston College,Kansas,KS,Private,2 Year,8800,26900,35700,26900,35700
Hibbing Community College,Minnesota,MN,Public,2 Year,3380,5336,8716,5336,8716
High Point University,North Carolina,NC,Private,4 Year,14130,35118,49248,35118,49248
Highland Community College,Kansas,KS,Public,2 Year,6528,3030,9558,3510,10038
Hilbert College,New York,NY,Private,4 Year,9350,22400,31750,22400,31750
Hill College,Texas,TX,Public,2 Year,3850,2970,6820,4120,7970
Hillsdale College,Michigan,MI,Private,4 Year,11000,27577,38577,27577,38577
Hinds Community College,Mississippi,MS,Public,2 Year,4120,3130,7250,6170,10290
Hiram College,Ohio,OH,Private,4 Year,10290,34300,44590,34300,44590
Hiwassee College,Tennessee,TN,Private,2 Year,7987,19571,27558,19571,27558
Hobart and William Smith Colleges,New York,NY,Private,4 Year,14785,55255,70040,55255,70040
Hobe Sound Bible College,Florida,FL,Private,4 Year,6170,6490,12660,6490,12660
Hocking College,Ohio,OH,Public,2 Year,8560,4390,12950,8790,17350
Hofstra University,New York,NY,Private,4 Year,15948,46760,62708,46760,62708
Hollins University,Virginia,VA,Private,4 Year,13520,39035,52555,39035,52555
Holmes Community College,Mississippi,MS,Public,2 Year,3080,3110,6190,5690,8770
Holy Cross College,Indiana,IN,Private,4 Year,11500,30820,42320,30820,42320
Holy Family University,Pennsylvania,PA,Private,4 Year,13576,30346,43922,30346,43922
Holy Names University,California,CA,Private,4 Year,13190,39316,52506,39316,52506
Holy Trinity Orthodox Seminary,New York,NY,Private,4 Year,5290,7700,12990,7700,12990
Hood College,Maryland,MD,Private,4 Year,12700,39492,52192,39492,52192
Hope College,Michigan,MI,Private,4 Year,10310,34010,44320,34010,44320
Hope International University,California,CA,Private,4 Year,10490,33400,43890,33400,43890
Houghton College,New York,NY,Private,4 Year,9288,32488,41776,32488,41776
Houston Baptist University,Texas,TX,Private,4 Year,8814,32530,41344,32530,41344
Howard College,Texas,TX,Public,2 Year,4834,2560,7394,5420,10254
Howard Payne University,Texas,TX,Private,4 Year,8386,28090,36476,28090,36476
Hult International Business School,California,CA,Private,4 Year,15000,40650,55650,40650,55650
Humboldt State University,California,CA,Public,4 Year,12870,7676,20546,19556,32426
Huntingdon College,Alabama,AL,Private,4 Year,9750,27400,37150,27400,37150
Huntington University,Indiana,IN,Private,4 Year,8668,26180,34848,26180,34848
Husson University,Maine,ME,Private,4 Year,9830,18180,28010,18180,28010
Huston-Tillotson University,Texas,TX,Private,4 Year,7568,14346,21914,14346,21914
Hutchinson Community College,Kansas,KS,Public,2 Year,5800,3000,8800,4230,10030
Idaho State University,Idaho,ID,Public,4 Year,7207,7420,14627,22940,30147
Ilisagvik College,Alaska,AK,Public,2 Year,13000,4300,17300,4300,17300
Illinois College,Illinois,IL,Private,4 Year,9280,33090,42370,33090,42370
Illinois Institute of Technology,Illinois,IL,Private,4 Year,12762,47296,60058,47296,60058
Illinois State University,Illinois,IL,Public,4 Year,9850,14516,24366,26040,35890
Illinois Wesleyan University,Illinois,IL,Private,4 Year,10984,47636,58620,47636,58620
Immaculata University,Pennsylvania,PA,Private,4 Year,12620,27350,39970,27350,39970
Independence Community College,Kansas,KS,Public,2 Year,5168,2910,8078,3300,8468
Indiana Institute of Technology,Indiana,IN,Private,4 Year,10020,26900,36920,26900,36920
Indiana State University,Indiana,IN,Public,4 Year,10590,9090,19680,19836,30426
Indiana University Bloomington,Indiana,IN,Public,4 Year,10465,10681,21146,35456,45921
Indiana University of Pennsylvania,Pennsylvania,PA,Public,4 Year,12592,12979,25571,17299,29891
Indiana University South Bend,Indiana,IN,Public,4 Year,7309,7344,14653,19400,26709
Indiana University Southeast,Indiana,IN,Public,4 Year,6780,7344,14124,19400,26180
Indiana University-Purdue University Fort Wayne,Indiana,IN,Public,4 Year,5996,8450,14446,20288,26284
Indiana University-Purdue University Indianapolis,Indiana,IN,Public,4 Year,8924,9465,18389,29821,38745
Indiana Wesleyan University,Indiana,IN,Private,4 Year,8312,25980,34292,25980,34292
Institute of American Indian Arts,New Mexico,NM,Public,4 Year,9604,4980,14584,4980,14584
International Baptist College,Arizona,AZ,Private,4 Year,6200,11250,17450,11250,17450
Iona College,New York,NY,Private,4 Year,15278,38812,54090,38812,54090
Iowa Central Community College,Iowa,IA,Public,2 Year,6850,5490,12340,7890,14740
Iowa Lakes Community College,Iowa,IA,Public,2 Year,6750,6058,12808,6388,13138
Iowa State University,Iowa,IA,Public,4 Year,8720,8988,17708,23392,32112
Iowa Wesleyan College,Iowa,IA,Private,4 Year,10500,30500,41000,30500,41000
Iowa Western Community College,Iowa,IA,Public,2 Year,6430,5615,12045,5765,12195
Itasca Community College,Minnesota,MN,Public,2 Year,5920,5920,11840,7102,13022
Itawamba Community College,Mississippi,MS,Public,2 Year,3900,3020,6920,5220,9120
Ithaca College,New York,NY,Private,4 Year,15562,43978,59540,43978,59540
Jackson State University,Mississippi,MS,Public,4 Year,9552,8226,17778,19454,29006
Jacksonville College,Texas,TX,Private,2 Year,6400,8000,14400,8000,14400
Jacksonville State University,Alabama,AL,Public,4 Year,8100,10425,18525,20145,28245
Jacksonville University,Florida,FL,Private,4 Year,14080,36670,50750,36670,50750
James Madison University,Virginia,VA,Public,4 Year,10092,12016,22108,28416,38508
Jamestown Community College,New York,NY,Public,2 Year,10750,5850,16600,10720,21470
Jarvis Christian College,Texas,TX,Private,4 Year,8440,11720,20160,11720,20160
Jefferson College,Missouri,MO,Public,2 Year,6156,3330,9486,6510,12666
Jefferson College of Health Sciences,Virginia,VA,Private,4 Year,5870,26886,32756,26886,32756
Jefferson Community College,New York,NY,Public,2 Year,11666,5424,17090,10176,21842
Jewish Theological Seminary of America,New York,NY,Private,4 Year,12570,51326,63896,51326,63896
John Brown University,Arkansas,AR,Private,4 Year,9224,26928,36152,26928,36152
John Carroll University,Ohio,OH,Private,4 Year,11874,41340,53214,41340,53214
John Paul the Great Catholic University,California,CA,Private,4 Year,7650,26100,33750,26100,33750
John Wesley University,North Carolina,NC,Private,4 Year,3600,13330,16930,13330,16930
Johns Hopkins University,Maryland,MD,Private,4 Year,15836,54240,70076,54240,70076
Johns Hopkins University: Peabody Conservatory of Music,Maryland,MD,Private,4 Year,15838,50180,66018,50180,66018
Johnson & Wales University: Charlotte,North Carolina,NC,Private,4 Year,14148,32091,46239,32091,46239
Johnson & Wales University: Denver,Colorado,CO,Private,4 Year,12546,32091,44637,32091,44637
Johnson & Wales University: North Miami,Florida,FL,Private,4 Year,12564,32091,44655,32091,44655
Johnson & Wales University: Providence,Rhode Island,RI,Private,4 Year,14337,32091,46428,32091,46428
Johnson C. Smith University,North Carolina,NC,Private,4 Year,7100,18236,25336,18236,25336
Johnson College,Pennsylvania,PA,Private,2 Year,8250,18641,26891,18641,26891
Johnson University,Tennessee,TN,Private,4 Year,6700,16060,22760,16060,22760
Johnson University: Florida,Florida,FL,Private,4 Year,7040,16060,23100,16060,23100
Jones County Junior College,Mississippi,MS,Public,2 Year,4132,3440,7572,5440,9572
Judson College,Alabama,AL,Private,4 Year,10590,18510,29100,18510,29100
Judson University,Illinois,IL,Private,4 Year,9988,29860,39848,29860,39848
Juilliard School,New York,NY,Private,4 Year,16950,45360,62310,45360,62310
Juniata College,Pennsylvania,PA,Private,4 Year,12521,45597,58118,45597,58118
Kalamazoo College,Michigan,MI,Private,4 Year,9756,48516,58272,48516,58272
Kansas City Art Institute,Missouri,MO,Private,4 Year,10400,38400,48800,38400,48800
Kansas State University,Kansas,KS,Public,4 Year,9680,10263,19943,25767,35447
Kansas Wesleyan University,Kansas,KS,Private,4 Year,9500,29500,39000,29500,39000
Kean University,New Jersey,NJ,Public,4 Year,14470,12348,26818,19383,33853
Keene State College,New Hampshire,NH,Public,4 Year,11026,14212,25238,23176,34202
Kehilath Yakov Rabbinical Seminary,New York,NY,Private,4 Year,2800,9700,12500,9700,12500
Kennesaw State University,Georgia,GA,Public,4 Year,11467,7432,18899,21158,32625
Kent State University,Ohio,OH,Public,4 Year,11362,10012,21374,18714,30076
Kentucky Christian University,Kentucky,KY,Private,4 Year,8270,19820,28090,19820,28090
Kentucky Mountain Bible College,Kentucky,KY,Private,4 Year,5050,9460,14510,9460,14510
Kentucky State University,Kentucky,KY,Public,4 Year,6690,8090,14780,19390,26080
Kentucky Wesleyan College,Kentucky,KY,Private,4 Year,9764,26440,36204,26440,36204
Kenyon College,Ohio,OH,Private,4 Year,12510,55930,68440,55930,68440
Kettering College,Ohio,OH,Private,4 Year,4100,16200,20300,16200,20300
Kettering University,Michigan,MI,Private,4 Year,8240,43490,51730,43490,51730
Keuka College,New York,NY,Private,4 Year,11906,32093,43999,32093,43999
Keystone College,Pennsylvania,PA,Private,4 Year,11900,26920,38820,26920,38820
Kilgore College,Texas,TX,Public,2 Year,4916,2370,7286,6240,11156
King University,Tennessee,TN,Private,4 Year,8762,29714,38476,29714,38476
King's College,Pennsylvania,PA,Private,4 Year,12940,37226,50166,37226,50166
Knox College,Illinois,IL,Private,4 Year,9870,46554,56424,46554,56424
Kutztown University of Pennsylvania,Pennsylvania,PA,Public,4 Year,10334,10802,21136,14660,24994
Kuyper College,Michigan,MI,Private,4 Year,7285,21989,29274,21989,29274
La Roche College,Pennsylvania,PA,Private,4 Year,11556,28564,40120,28564,40120
La Salle University,Pennsylvania,PA,Private,4 Year,15080,30560,45640,30560,45640
La Sierra University,California,CA,Private,4 Year,8415,32778,41193,32778,41193
Lackawanna College,Pennsylvania,PA,Private,2 Year,10300,15450,25750,15450,25750
Lafayette College,Pennsylvania,PA,Private,4 Year,15640,52880,68520,52880,68520
LaGrange College,Georgia,GA,Private,4 Year,11630,30470,42100,30470,42100
Laguna College of Art and Design,California,CA,Private,4 Year,10000,30700,40700,30700,40700
Lake Erie College,Ohio,OH,Private,4 Year,9908,31422,41330,31422,41330
Lake Forest College,Illinois,IL,Private,4 Year,10390,47064,57454,47064,57454
Lake Michigan College,Michigan,MI,Public,2 Year,7252,4500,11752,6345,13597
Lake Region State College,North Dakota,ND,Public,2 Year,6660,4475,11135,4475,11135
Lake Superior State University,Michigan,MI,Public,4 Year,9882,12090,21972,12090,21972
Lakeland University,Wisconsin,WI,Private,4 Year,9234,28870,38104,28870,38104
Lamar Community College,Colorado,CO,Public,2 Year,6588,3950,10538,6332,12920
Lamar State College at Port Arthur,Texas,TX,Public,2 Year,8370,5459,13829,17820,26190
Lamar University,Texas,TX,Public,4 Year,8920,10192,19112,22642,31562
Lancaster Bible College,Pennsylvania,PA,Private,4 Year,8750,25270,34020,25270,34020
Lander University,South Carolina,SC,Public,4 Year,9100,11700,20800,21300,30400
Landing School of Boatbuilding and Design,Maine,ME,Private,2 Year,8757,20740,29497,20740,29497
Landmark College,Vermont,VT,Private,2 Year,11840,56800,68640,56800,68640
Lane College,Tennessee,TN,Private,4 Year,7270,10690,17960,10690,17960
Langston University,Oklahoma,OK,Public,4 Year,9476,5950,15426,13300,22776
Laramie County Community College,Wyoming,WY,Public,2 Year,7200,3426,10626,7938,15138
Lasell College,Massachusetts,MA,Private,4 Year,15400,36000,51400,36000,51400
Lassen Community College,California,CA,Public,2 Year,30,1407,1437,9147,9177
Lawrence Technological University,Michigan,MI,Private,4 Year,9950,33570,43520,33570,43520
Lawrence University,Wisconsin,WI,Private,4 Year,10341,47475,57816,47475,57816
Lawson State Community College,Alabama,AL,Public,2 Year,4760,4760,9520,8660,13420
LDS Business College,Utah,UT,Private,2 Year,5600,3440,9040,3440,9040
Le Moyne College,New York,NY,Private,4 Year,13780,34625,48405,34625,48405
Lebanon Valley College,Pennsylvania,PA,Private,4 Year,11860,43650,55510,43650,55510
Lee University,Tennessee,TN,Private,4 Year,7410,17690,25100,17690,25100
Lees-McRae College,North Carolina,NC,Private,4 Year,11078,26198,37276,26198,37276
Lehigh University,Pennsylvania,PA,Private,4 Year,13600,52930,66530,52930,66530
LeMoyne-Owen College,Tennessee,TN,Private,4 Year,6100,11196,17296,11196,17296
Lenoir-Rhyne University,North Carolina,NC,Private,4 Year,12510,36400,48910,36400,48910
Lesley University,Massachusetts,MA,Private,4 Year,16230,28770,45000,28770,45000
LeTourneau University,Texas,TX,Private,4 Year,9970,30210,40180,30210,40180
Lewis & Clark College,Oregon,OR,Private,4 Year,12490,50934,63424,50934,63424
Lewis University,Illinois,IL,Private,4 Year,10578,32450,43028,32450,43028
Lewis-Clark State College,Idaho,ID,Public,4 Year,7580,6618,14198,19236,26816
Liberty University,Virginia,VA,Private,4 Year,10478,25276,35754,25276,35754
Life Pacific College,California,CA,Private,4 Year,8390,15804,24194,15804,24194
Life University,Georgia,GA,Private,4 Year,14400,13194,27594,13194,27594
LIM College,New York,NY,For Profit,4 Year,20350,27030,47380,27030,47380
Limestone College,South Carolina,SC,Private,4 Year,9765,26000,35765,26000,35765
Lincoln Christian University,Illinois,IL,Private,4 Year,7564,13200,20764,13200,20764
Lincoln College,Illinois,IL,Private,2 Year,7700,18600,26300,18600,26300
Lincoln Memorial University,Tennessee,TN,Private,4 Year,8000,22010,30010,22010,30010
Lincoln University,Pennsylvania,PA,Public,4 Year,9588,11666,21254,16802,26390
Lincoln University,Missouri,MO,Public,4 Year,7068,7632,14700,14172,21240
Lindenwood University,Missouri,MO,Private,4 Year,9000,17600,26600,17600,26600
Lindsey Wilson College,Kentucky,KY,Private,4 Year,9385,24850,34235,24850,34235
Linfield College,Oregon,OR,Private,4 Year,12420,43232,55652,43232,55652
Lipscomb University,Tennessee,TN,Private,4 Year,12652,32144,44796,32144,44796
Little Priest Tribal College,Nebraska,NE,Private,2 Year,6990,5130,12120,5130,12120
LIU Brooklyn,New York,NY,Private,4 Year,14020,37715,51735,37715,51735
LIU Post,New York,NY,Private,4 Year,14020,37715,51735,37715,51735
Livingstone College,North Carolina,NC,Private,4 Year,6794,18297,25091,18297,25091
Lock Haven University of Pennsylvania,Pennsylvania,PA,Public,4 Year,10368,10878,21246,20452,30820
Loma Linda University,California,CA,Private,4 Year,11655,35192,46847,35192,46847
Longwood University,Virginia,VA,Public,4 Year,11746,13340,25086,29300,41046
Loras College,Iowa,IA,Private,4 Year,8275,34184,42459,34184,42459
Louisburg College,North Carolina,NC,Private,2 Year,10709,18581,29290,18581,29290
Louisiana College,Louisiana,LA,Private,4 Year,5618,17000,22618,17000,22618
Louisiana State University and Agricultural and Mechanical College,Louisiana,LA,Public,4 Year,11830,11950,23780,28627,40457
Louisiana State University at Eunice,Louisiana,LA,Public,2 Year,5214,6500,11714,11864,17078
Louisiana State University Health Sciences Center New Orleans,Louisiana,LA,Public,4 Year,5650,6923,12573,13705,19355
Louisiana Tech University,Louisiana,LA,Public,4 Year,6495,9645,16140,18558,25053
Lourdes University,Ohio,OH,Private,4 Year,10100,22480,32580,22480,32580
Loyola Marymount University,California,CA,Private,4 Year,14490,48522,63012,48522,63012
Loyola University Chicago,Illinois,IL,Private,4 Year,14480,44048,58528,44048,58528
Loyola University Maryland,Maryland,MD,Private,4 Year,14430,49085,63515,49085,63515
Loyola University New Orleans,Louisiana,LA,Private,4 Year,13380,39692,53072,39692,53072
Lubbock Christian University,Texas,TX,Private,4 Year,7702,22440,30142,22440,30142
Luther College,Iowa,IA,Private,4 Year,9460,42290,51750,42290,51750
Lycoming College,Pennsylvania,PA,Private,4 Year,12568,40315,52883,40315,52883
Lyndon State College,Vermont,VT,Public,4 Year,10598,12074,22672,25394,35992
Lynn University,Florida,FL,Private,4 Year,12170,38210,50380,38210,50380
Lyon College,Arkansas,AR,Private,4 Year,9130,28790,37920,28790,37920
Macalester College,Minnesota,MN,Private,4 Year,12156,54344,66500,54344,66500
MacMurray College,Illinois,IL,Private,4 Year,9440,27690,37130,27690,37130
Madonna University,Michigan,MI,Private,4 Year,9950,21900,31850,21900,31850
Maharishi University of Management,Iowa,IA,Private,4 Year,7400,16530,23930,16530,23930
Maine College of Art,Maine,ME,Private,4 Year,11890,35000,46890,35000,46890
Maine College of Health Professions,Maine,ME,Private,2 Year,1900,9310,11210,9310,11210
Maine Maritime Academy,Maine,ME,Public,4 Year,10310,13478,23788,27098,37408
Malone University,Ohio,OH,Private,4 Year,9500,30860,40360,30860,40360
Manchester University,Indiana,IN,Private,4 Year,9580,32758,42338,32758,42338
Manhattan Christian College,Kansas,KS,Private,4 Year,9092,15850,24942,15850,24942
Manhattan College,New York,NY,Private,4 Year,16200,43480,59680,43480,59680
Manhattan School of Music,New York,NY,Private,4 Year,13135,47300,60435,47300,60435
Manhattanville College,New York,NY,Private,4 Year,14520,38820,53340,38820,53340
Manor College,Pennsylvania,PA,Private,2 Year,7729,17028,24757,17028,24757
Mansfield University of Pennsylvania,Pennsylvania,PA,Public,4 Year,11928,12330,24258,21780,33708
Maranatha Baptist University,Wisconsin,WI,Private,4 Year,7100,15410,22510,15410,22510
Marian University,Wisconsin,WI,Private,4 Year,7222,27400,34622,27400,34622
Marian University,Indiana,IN,Private,4 Year,10640,34000,44640,34000,44640
Marietta College,Ohio,OH,Private,4 Year,11320,36040,47360,36040,47360
Marion Military Institute,Alabama,AL,Public,2 Year,4950,9418,14368,15418,20368
Marist College,New York,NY,Private,4 Year,15550,39600,55150,39600,55150
Marlboro College,Vermont,VT,Private,4 Year,12285,40840,53125,40840,53125
Marquette University,Wisconsin,WI,Private,4 Year,12720,41870,54590,41870,54590
Mars Hill University,North Carolina,NC,Private,4 Year,9592,32968,42560,32968,42560
Marshall University,West Virginia,WV,Public,4 Year,10450,8128,18578,18614,29064
Martin Luther College,Minnesota,MN,Private,4 Year,6080,15410,21490,15410,21490
Martin Methodist College,Tennessee,TN,Private,4 Year,8400,24246,32646,24246,32646
Martin University,Indiana,IN,Private,4 Year,7810,16500,24310,16500,24310
Mary Baldwin University,Virginia,VA,Private,4 Year,9410,31085,40495,31085,40495
Marygrove College,Michigan,MI,Private,4 Year,7800,23630,31430,23630,31430
Maryland Institute College of Art,Maryland,MD,Private,4 Year,13280,48630,61910,48630,61910
Marymount California University,California,CA,Private,4 Year,14666,36134,50800,36134,50800
Marymount Manhattan College,New York,NY,Private,4 Year,16832,33778,50610,33778,50610
Marymount University,Virginia,VA,Private,4 Year,13190,31466,44656,31466,44656
Maryville College,Tennessee,TN,Private,4 Year,11424,34880,46304,34880,46304
Maryville University of Saint Louis,Missouri,MO,Private,4 Year,10088,28470,38558,28470,38558
Marywood University,Pennsylvania,PA,Private,4 Year,13900,34910,48810,34910,48810
Massachusetts College of Art and Design,Massachusetts,MA,Public,4 Year,13500,13200,26700,36400,49900
Massachusetts College of Liberal Arts,Massachusetts,MA,Public,4 Year,10980,10734,21714,19679,30659
Massachusetts Institute of Technology,Massachusetts,MA,Private,4 Year,15510,51832,67342,51832,67342
Massachusetts Maritime Academy,Massachusetts,MA,Public,4 Year,12675,9724,22399,26102,38777
Mayville State University,North Dakota,ND,Public,4 Year,7840,6666,14506,9399,17239
McDaniel College,Maryland,MD,Private,4 Year,11430,43260,54690,43260,54690
McKendree University,Illinois,IL,Private,4 Year,9920,30520,40440,30520,40440
McMurry University,Texas,TX,Private,4 Year,8602,27244,35846,27244,35846
McNally Smith College of Music,Minnesota,MN,Private,4 Year,6260,29300,35560,29300,35560
McNeese State University,Louisiana,LA,Public,4 Year,8704,7859,16563,18934,27638
McPherson College,Kansas,KS,Private,4 Year,8788,28951,37739,28951,37739
MCPHS University,Massachusetts,MA,Private,4 Year,16400,32705,49105,32705,49105
Medaille College,New York,NY,Private,4 Year,13500,29500,43000,29500,43000
Memphis College of Art,Tennessee,TN,Private,4 Year,8890,33100,41990,33100,41990
Menlo College,California,CA,Private,4 Year,14225,42800,57025,42800,57025
Mercer University,Georgia,GA,Private,4 Year,11616,36894,48510,36894,48510
Mercy College,New York,NY,Private,4 Year,14400,19042,33442,19042,33442
Mercyhurst University,Pennsylvania,PA,Private,4 Year,12880,38070,50950,38070,50950
Meredith College,North Carolina,NC,Private,4 Year,10930,37176,48106,37176,48106
Merrimack College,Massachusetts,MA,Private,4 Year,15845,41760,57605,41760,57605
Mesabi Range College,Minnesota,MN,Public,2 Year,5526,5084,10610,6266,11792
Mesalands Community College,New Mexico,NM,Public,2 Year,3975,2250,6225,3630,7605
Mesivta Torah Vodaath Seminary,New York,NY,Private,4 Year,4500,10000,14500,10000,14500
Messiah College,Pennsylvania,PA,Private,4 Year,10520,35160,45680,35160,45680
Methodist College,Illinois,IL,Private,4 Year,7440,20800,28240,20800,28240
Methodist University,North Carolina,NC,Private,4 Year,12890,33846,46736,33846,46736
Metropolitan Community College,Nebraska,NE,Public,2 Year,6255,3105,9360,4545,10800
Miami University: Oxford,Ohio,OH,Public,4 Year,13860,15378,29238,34895,48755
Michigan State University,Michigan,MI,Public,4 Year,10322,14460,24782,39765,50087
Michigan Technological University,Michigan,MI,Public,4 Year,10756,15646,26402,33726,44482
Mid-America Christian University,Oklahoma,OK,Private,4 Year,8036,18334,26370,18334,26370
Mid-Atlantic Christian University,North Carolina,NC,Private,4 Year,8600,14400,23000,14400,23000
Mid-Plains Community College,Nebraska,NE,Public,2 Year,6450,3210,9660,4130,10580
MidAmerica Nazarene University,Kansas,KS,Private,4 Year,8708,30736,39444,30736,39444
Middle Georgia State University,Georgia,GA,Public,4 Year,9080,4608,13688,13568,22648
Middle Tennessee State University,Tennessee,TN,Public,4 Year,9436,9206,18642,28364,37800
Middlebury College,Vermont,VT,Private,4 Year,15530,54450,69980,54450,69980
Midland College,Texas,TX,Public,2 Year,5224,2670,7894,5550,10774
Midland University,Nebraska,NE,Private,4 Year,8776,32558,41334,32558,41334
Midway University,Kentucky,KY,Private,4 Year,8480,24650,33130,24650,33130
Midwestern State University,Texas,TX,Public,4 Year,8877,9019,17896,10969,19846
Miles College,Alabama,AL,Private,4 Year,7042,11604,18646,11604,18646
Miles Community College,Montana,MT,Public,2 Year,6280,4230,10510,8820,15100
Millersville University of Pennsylvania,Pennsylvania,PA,Public,4 Year,13658,12226,25884,21946,35604
Milligan College,Tennessee,TN,Private,4 Year,7100,33700,40800,33700,40800
Millikin University,Illinois,IL,Private,4 Year,11818,35102,46920,35102,46920
Mills College,California,CA,Private,4 Year,13448,30257,43705,30257,43705
Millsaps College,Mississippi,MS,Private,4 Year,13730,39910,53640,39910,53640
Milwaukee Institute of Art & Design,Wisconsin,WI,Private,4 Year,9300,37360,46660,37360,46660
Milwaukee School of Engineering,Wisconsin,WI,Private,4 Year,10389,40749,51138,40749,51138
Mineral Area College,Missouri,MO,Public,2 Year,7420,3670,11090,6430,13850
Minneapolis College of Art and Design,Minnesota,MN,Private,4 Year,5610,39210,44820,39210,44820
Minneapolis Community and Technical College,Minnesota,MN,Public,2 Year,11058,5396,16454,5396,16454
Minnesota State Community and Technical College,Minnesota,MN,Public,2 Year,5000,5358,10358,5358,10358
Minnesota State University Mankato,Minnesota,MN,Public,4 Year,8719,8184,16903,16235,24954
Minnesota State University Moorhead,Minnesota,MN,Public,4 Year,9280,8574,17854,15983,25263
Minot State University,North Dakota,ND,Public,4 Year,6610,7064,13674,7064,13674
Mirrer Yeshiva Central Institute,New York,NY,Private,4 Year,6172,7260,13432,7260,13432
Misericordia University,Pennsylvania,PA,Private,4 Year,13960,33240,47200,33240,47200
Mississippi College,Mississippi,MS,Private,4 Year,10300,18026,28326,18026,28326
Mississippi Delta Community College,Mississippi,MS,Public,2 Year,3480,3060,6540,4668,8148
Mississippi Gulf Coast Community College,Mississippi,MS,Public,2 Year,4700,3320,8020,6420,11120
Mississippi State University,Mississippi,MS,Public,4 Year,10090,8760,18850,23360,33450
Mississippi University for Women,Mississippi,MS,Public,4 Year,7424,7040,14464,7040,14464
Mississippi Valley State University,Mississippi,MS,Public,4 Year,8043,6570,14613,6570,14613
Missouri Baptist University,Missouri,MO,Private,4 Year,8720,27124,35844,27124,35844
Missouri Southern State University,Missouri,MO,Public,4 Year,6865,6967,13832,13934,20799
Missouri State University,Missouri,MO,Public,4 Year,8755,7452,16207,15342,24097
Missouri State University: West Plains,Missouri,MO,Public,2 Year,8537,4305,12842,8355,16892
Missouri University of Science and Technology,Missouri,MO,Public,4 Year,10274,10169,20443,28499,38773
Missouri Valley College,Missouri,MO,Private,4 Year,9150,20600,29750,20600,29750
Mitchell College,Connecticut,CT,Private,4 Year,13000,33200,46200,33200,46200
Moberly Area Community College,Missouri,MO,Public,2 Year,7872,3450,11322,6840,14712
Mohawk Valley Community College,New York,NY,Public,2 Year,10470,5256,15726,9626,20096
Molloy College,New York,NY,Private,4 Year,15032,31490,46522,31490,46522
Monmouth College,Illinois,IL,Private,4 Year,8966,37674,46640,37674,46640
Monmouth University,New Jersey,NJ,Private,4 Year,13981,38138,52119,38138,52119
Monroe College,New York,NY,For Profit,4 Year,10850,15428,26278,15428,26278
Monroe Community College,New York,NY,Public,2 Year,6780,4986,11766,9466,16246
Montana Bible College,Montana,MT,Private,4 Year,3200,8120,11320,8120,11320
Montana State University,Montana,MT,Public,4 Year,10100,7421,17521,24849,34949
Montana State University: Billings,Montana,MT,Public,4 Year,7680,5930,13610,19250,26930
Montana State University: Northern,Montana,MT,Public,4 Year,6520,5956,12476,18556,25076
Montana Tech of the University of Montana,Montana,MT,Public,4 Year,9656,7411,17067,22574,32230
Montclair State University,New Jersey,NJ,Public,4 Year,15564,12790,28354,20578,36142
Montreat College,North Carolina,NC,Private,4 Year,9149,26670,35819,26670,35819
Montserrat College of Art,Massachusetts,MA,Private,4 Year,9900,33400,43300,33400,43300
Moody Bible Institute,Illinois,IL,Private,4 Year,11820,13565,25385,13565,25385
Moore College of Art and Design,Pennsylvania,PA,Private,4 Year,15564,41728,57292,41728,57292
Moravian College,Pennsylvania,PA,Private,4 Year,13378,43636,57014,43636,57014
Morehead State University,Kentucky,KY,Public,4 Year,9960,9170,19130,13646,23606
Morehouse College,Georgia,GA,Private,4 Year,13438,27574,41012,27574,41012
Morgan State University,Maryland,MD,Public,4 Year,10260,7900,18160,18167,28427
Morningside College,Iowa,IA,Private,4 Year,9610,31530,41140,31530,41140
Morris College,South Carolina,SC,Private,4 Year,6033,13886,19919,13886,19919
Morrison Institute of Technology,Illinois,IL,Private,2 Year,5200,16100,21300,16100,21300
Mount Aloysius College,Pennsylvania,PA,Private,4 Year,10648,23110,33758,23110,33758
Mount Carmel College of Nursing,Ohio,OH,Private,4 Year,5000,13907,18907,13907,18907
Mount Holyoke College,Massachusetts,MA,Private,4 Year,14660,49998,64658,49998,64658
Mount Ida College,Massachusetts,MA,Private,4 Year,13680,35720,49400,35720,49400
Mount Marty College,South Dakota,SD,Private,4 Year,7986,27276,35262,27276,35262
Mount Mary University,Wisconsin,WI,Private,4 Year,8600,30100,38700,30100,38700
Mount Mercy University,Iowa,IA,Private,4 Year,9534,31798,41332,31798,41332
Mount Saint Mary College,New York,NY,Private,4 Year,15108,31118,46226,31118,46226
Mount Saint Mary's University,California,CA,Private,4 Year,12235,41170,53405,41170,53405
Mount St. Joseph University,Ohio,OH,Private,4 Year,9442,30100,39542,30100,39542
Mount St. Mary's University,Maryland,MD,Private,4 Year,13075,41350,54425,41350,54425
Mount Vernon Nazarene University,Ohio,OH,Private,4 Year,8170,29244,37414,29244,37414
Muhlenberg College,Pennsylvania,PA,Private,4 Year,11765,52595,64360,52595,64360
Multnomah University,Oregon,OR,Private,4 Year,8870,25900,34770,25900,34770
Murray State College,Oklahoma,OK,Public,2 Year,6800,4820,11620,10970,17770
Murray State University,Kentucky,KY,Public,4 Year,9190,9084,18274,24540,33730
Muskingum University,Ohio,OH,Private,4 Year,11480,28516,39996,28516,39996
Naropa University,Colorado,CO,Private,4 Year,12849,31790,44639,31790,44639
Navajo Technical University,New Mexico,NM,Public,2 Year,6270,2360,8630,2360,8630
Navarro College,Texas,TX,Public,2 Year,5618,2400,8018,5400,11018
Nazareth College,New York,NY,Private,4 Year,13580,34280,47860,34280,47860
Nebraska Christian College,Nebraska,NE,Private,4 Year,9020,17665,26685,17665,26685
Nebraska College of Technical Agriculture,Nebraska,NE,Public,2 Year,7418,5036,12454,5036,12454
Nebraska Methodist College of Nursing and Allied Health,Nebraska,NE,Private,4 Year,9586,18048,27634,18048,27634
Nebraska Wesleyan University,Nebraska,NE,Private,4 Year,9622,34202,43824,34202,43824
Neosho County Community College,Kansas,KS,Public,2 Year,6100,3120,9220,3120,9220
Ner Israel Rabbinical College,Maryland,MD,Private,4 Year,6600,12400,19000,12400,19000
Neumann University,Pennsylvania,PA,Private,4 Year,13020,31400,44420,31400,44420
Neumont College of Computer Science,Utah,UT,For Profit,4 Year,5970,24750,30720,24750,30720
New College of Florida,Florida,FL,Public,4 Year,9264,6919,16183,29944,39208
New England College,New Hampshire,NH,Private,4 Year,14222,37914,52136,37914,52136
New England Conservatory of Music,Massachusetts,MA,Private,4 Year,15900,48750,64650,48750,64650
New England Culinary Institute,Vermont,VT,For Profit,2 Year,10466,22210,32676,22210,32676
New England Institute of Technology,Rhode Island,RI,Private,4 Year,13065,29940,43005,29940,43005
New Hampshire Institute of Art,New Hampshire,NH,Private,4 Year,11460,28280,39740,28280,39740
New Hope Christian College,Oregon,OR,Private,4 Year,6300,14880,21180,14880,21180
New Jersey City University,New Jersey,NJ,Public,4 Year,12738,12051,24789,21573,34311
New Jersey Institute of Technology,New Jersey,NJ,Public,4 Year,13600,17338,30938,32750,46350
New Mexico Highlands University,New Mexico,NM,Public,4 Year,7872,6150,14022,10302,18174
New Mexico Institute of Mining and Technology,New Mexico,NM,Public,4 Year,8510,7770,16280,22268,30778
New Mexico Junior College,New Mexico,NM,Public,2 Year,4350,1452,5802,2196,6546
New Mexico Military Institute,New Mexico,NM,Public,2 Year,5576,6797,12373,14469,20045
New Mexico State University,New Mexico,NM,Public,4 Year,9252,7368,16620,23508,32760
New Mexico State University at Grants,New Mexico,NM,Public,2 Year,536,2064,2600,4104,4640
New Orleans Baptist Theological Seminary,Louisiana,LA,Private,4 Year,2625,7775,10400,7775,10400
New York Institute of Technology,New York,NY,Private,4 Year,14290,36890,51180,36890,51180
New York School of Interior Design,New York,NY,Private,4 Year,21300,30834,52134,30834,52134
New York University,New York,NY,Private,4 Year,18156,51828,69984,51828,69984
Newberry College,South Carolina,SC,Private,4 Year,10666,26424,37090,26424,37090
Newbury College,Massachusetts,MA,Private,4 Year,14900,35540,50440,35540,50440
Newman University,Kansas,KS,Private,4 Year,8326,30724,39050,30724,39050
NHTI-Concord's Community College,New Hampshire,NH,Public,2 Year,9552,7200,16752,15450,25002
Niagara University,New York,NY,Private,4 Year,13200,33180,46380,33180,46380
Nicholls State University,Louisiana,LA,Public,4 Year,9938,7982,17920,9075,19013
Nichols College,Massachusetts,MA,Private,4 Year,13950,34800,48750,34800,48750
Norfolk State University,Virginia,VA,Public,4 Year,10360,9490,19850,21418,31778
North Carolina Agricultural and Technical State University,North Carolina,NC,Public,4 Year,7624,6612,14236,19822,27446
North Carolina Central University,North Carolina,NC,Public,4 Year,8909,6348,15257,19055,27964
North Carolina State University,North Carolina,NC,Public,4 Year,11078,9101,20179,28444,39522
North Carolina Wesleyan College,North Carolina,NC,Private,4 Year,10800,31000,41800,31000,41800
North Central College,Illinois,IL,Private,4 Year,11019,38880,49899,38880,49899
North Central Kansas Technical College,Kansas,KS,Public,2 Year,5815,3930,9745,3930,9745
North Central Michigan College,Michigan,MI,Public,2 Year,6300,3570,9870,7710,14010
North Central Missouri College,Missouri,MO,Public,2 Year,6055,3510,9565,6210,12265
North Central Texas College,Texas,TX,Public,2 Year,3970,2730,6700,7980,11950
North Central University,Minnesota,MN,Private,4 Year,7400,24240,31640,24240,31640
North Country Community College,New York,NY,Public,2 Year,10350,6008,16358,12638,22988
North Dakota State College of Science,North Dakota,ND,Public,2 Year,6220,5132,11352,12402,18622
North Dakota State University,North Dakota,ND,Public,4 Year,8565,9294,17859,13273,21838
North Georgia Technical College,Georgia,GA,Public,2 Year,4000,3268,7268,5938,9938
North Greenville University,South Carolina,SC,Private,4 Year,10240,19750,29990,19750,29990
North Idaho College,Idaho,ID,Public,2 Year,7500,4245,11745,10815,18315
North Iowa Area Community College,Iowa,IA,Public,2 Year,7128,5408,12536,7721,14849
North Park University,Illinois,IL,Private,4 Year,9866,29190,39056,29190,39056
Northampton Community College,Pennsylvania,PA,Public,2 Year,9094,4380,13474,14100,23194
Northeast Community College,Nebraska,NE,Public,2 Year,8605,3480,12085,4635,13240
Northeast Mississippi Community College,Mississippi,MS,Public,2 Year,4480,3816,8296,6656,11136
Northeast Texas Community College,Texas,TX,Public,2 Year,6300,2849,9149,6149,12449
Northeastern Illinois University,Illinois,IL,Public,4 Year,11424,14022,25446,25907,37331
Northeastern Junior College,Colorado,CO,Public,2 Year,7080,5072,12152,7910,14990
Northeastern Oklahoma Agricultural and Mechanical College,Oklahoma,OK,Public,2 Year,5698,4673,10371,10673,16371
Northeastern State University,Oklahoma,OK,Public,4 Year,7638,6650,14288,14720,22358
Northeastern University,Massachusetts,MA,Private,4 Year,16880,51387,68267,51387,68267
Northern Arizona University,Arizona,AZ,Public,4 Year,10282,11564,21846,25828,36110
Northern Illinois University,Illinois,IL,Public,4 Year,10880,12262,23142,12262,23142
Northern Kentucky University,Kentucky,KY,Public,4 Year,10022,10032,20054,19680,29702
Northern Maine Community College,Maine,ME,Public,2 Year,7818,3820,11638,6640,14458
Northern Michigan University,Michigan,MI,Public,4 Year,10666,10988,21654,16484,27150
Northern Oklahoma College,Oklahoma,OK,Public,2 Year,7080,4170,11250,10755,17835
Northern State University,South Dakota,SD,Public,4 Year,8029,8498,16527,11471,19500
Northern Vermont University,Vermont,VT,Public,4 Year,10598,12434,23032,25754,36352
Northland College,Wisconsin,WI,Private,4 Year,9176,36183,45359,36183,45359
Northland Community & Technical College,Minnesota,MN,Public,2 Year,4500,5549,10049,5549,10049
Northpoint Bible College,Massachusetts,MA,Private,4 Year,9500,12580,22080,12580,22080
Northwest Christian University,Oregon,OR,Private,4 Year,9300,30050,39350,30050,39350
Northwest College,Wyoming,WY,Public,2 Year,6090,3420,9510,7932,14022
Northwest Indian College,Washington,WA,Public,2 Year,4950,5445,10395,14310,19260
Northwest Kansas Technical College,Kansas,KS,Public,2 Year,4850,8300,13150,8300,13150
Northwest Mississippi Community College,Mississippi,MS,Public,2 Year,3550,3000,6550,5400,8950
Northwest Missouri State University,Missouri,MO,Public,4 Year,10016,9805,19821,16457,26473
Northwest Nazarene University,Idaho,ID,Private,4 Year,7400,29300,36700,29300,36700
Northwest University,Washington,WA,Private,4 Year,8630,31540,40170,31540,40170
Northwestern College,Iowa,IA,Private,4 Year,9200,31100,40300,31100,40300
Northwestern College,Illinois,IL,For Profit,2 Year,12402,18485,30887,18485,30887
Northwestern Michigan College,Michigan,MI,Public,2 Year,8750,4174,12924,9611,18361
Northwestern Oklahoma State University,Oklahoma,OK,Public,4 Year,4780,7036,11816,14153,18933
Northwestern Polytechnic University,California,CA,Private,4 Year,6000,10700,16700,10700,16700
Northwestern State University,Louisiana,LA,Public,4 Year,8884,8580,17464,19368,28252
Northwestern University,Illinois,IL,Private,4 Year,16626,54567,71193,54567,71193
Northwood University: Michigan,Michigan,MI,Private,4 Year,10480,27060,37540,27060,37540
Norwich University,Vermont,VT,Private,4 Year,13840,40016,53856,40016,53856
Notre Dame College,Ohio,OH,Private,4 Year,9980,30160,40140,30160,40140
Notre Dame de Namur University,California,CA,Private,4 Year,14494,35350,49844,35350,49844
Notre Dame of Maryland University,Maryland,MD,Private,4 Year,11850,36900,48750,36900,48750
Nova Southeastern University,Florida,FL,Private,4 Year,13250,30900,44150,30900,44150
Nyack College,New York,NY,Private,4 Year,9450,25350,34800,25350,34800
Oak Hills Christian College,Minnesota,MN,Private,4 Year,6984,17314,24298,17314,24298
Oakland City University,Indiana,IN,Private,4 Year,9900,24000,33900,24000,33900
Oakland University,Michigan,MI,Public,4 Year,10100,12606,22706,24230,34330
Oakwood University,Alabama,AL,Private,4 Year,9312,16720,26032,16720,26032
Oberlin College,Ohio,OH,Private,4 Year,16338,55054,71392,55054,71392
Occidental College,California,CA,Private,4 Year,15496,54686,70182,54686,70182
Odessa College,Texas,TX,Public,2 Year,5412,2794,8206,5450,10862
Oglethorpe University,Georgia,GA,Private,4 Year,13200,38100,51300,38100,51300
Ohio Christian University,Ohio,OH,Private,4 Year,8076,23306,31382,23306,31382
Ohio Dominican University,Ohio,OH,Private,4 Year,10948,31080,42028,31080,42028
Ohio Northern University,Ohio,OH,Private,4 Year,11650,32260,43910,32260,43910
Ohio State University Agricultural Technical Institute,Ohio,OH,Public,2 Year,8696,7658,16354,27674,36370
Ohio State University: Columbus Campus,Ohio,OH,Public,4 Year,12434,10726,23160,30742,43176
Ohio State University: Mansfield Campus,Ohio,OH,Public,4 Year,8094,7644,15738,27660,35754
Ohio State University: Newark Campus,Ohio,OH,Public,4 Year,9268,7644,16912,27660,36928
Ohio University,Ohio,OH,Public,4 Year,11830,12192,24022,21656,33486
Ohio Valley University,West Virginia,WV,Private,4 Year,7980,21900,29880,21900,29880
Ohio Wesleyan University,Ohio,OH,Private,4 Year,12430,45760,58190,45760,58190
Ohr Somayach Tanenbaum Education Center,New York,NY,Private,4 Year,9000,9000,18000,9000,18000
Oklahoma Baptist University,Oklahoma,OK,Private,4 Year,7350,28258,35608,28258,35608
Oklahoma Christian University,Oklahoma,OK,Private,4 Year,8190,22760,30950,22760,30950
Oklahoma City University,Oklahoma,OK,Private,4 Year,8896,31026,39922,31026,39922
Oklahoma Panhandle State University,Oklahoma,OK,Public,4 Year,4695,8194,12889,9133,13828
Oklahoma State University,Oklahoma,OK,Public,4 Year,8549,9019,17568,24539,33088
Oklahoma State University Institute of Technology: Okmulgee,Oklahoma,OK,Public,2 Year,6988,5550,12538,11160,18148
Oklahoma Wesleyan University,Oklahoma,OK,Private,4 Year,8644,26956,35600,26956,35600
Old Dominion University,Virginia,VA,Public,4 Year,11620,10872,22492,29772,41392
Olivet College,Michigan,MI,Private,4 Year,9590,27700,37290,27700,37290
Olivet Nazarene University,Illinois,IL,Private,4 Year,7900,36070,43970,36070,43970
Olympic College,Washington,WA,Public,2 Year,5925,4252,10177,4784,10709
Onondaga Community College,New York,NY,Public,2 Year,10140,5484,15624,10384,20524
Oral Roberts University,Oklahoma,OK,Private,4 Year,9450,27728,37178,27728,37178
Oregon Institute of Technology,Oregon,OR,Public,4 Year,9058,9987,19045,28056,37114
Oregon State University,Oregon,OR,Public,4 Year,12855,11166,24021,30141,42996
Otero Junior College,Colorado,CO,Public,2 Year,7112,4882,11994,7861,14973
Otis College of Art and Design,California,CA,Private,4 Year,15100,44580,59680,44580,59680
Ottawa University,Kansas,KS,Private,4 Year,11900,27630,39530,27630,39530
Otterbein University,Ohio,OH,Private,4 Year,11258,31874,43132,31874,43132
Ouachita Baptist University,Arkansas,AR,Private,4 Year,7880,26790,34670,26790,34670
Our Lady of the Lake University of San Antonio,Texas,TX,Private,4 Year,9602,28740,38342,28740,38342
Ozark Christian College,Missouri,MO,Private,4 Year,6160,12620,18780,12620,18780
Pace University,New York,NY,Private,4 Year,19200,45280,64480,45280,64480
Pace University: Pleasantville/Briarcliff,New York,NY,Private,4 Year,16600,45280,61880,45280,61880
Pacific Lutheran University,Washington,WA,Private,4 Year,10790,42066,52856,42066,52856
Pacific Northwest College of Art,Oregon,OR,Private,4 Year,12860,38250,51110,38250,51110
Pacific Union College,California,CA,Private,4 Year,8310,30060,38370,30060,38370
Pacific University,Oregon,OR,Private,4 Year,12528,44298,56826,44298,56826
Paine College,Georgia,GA,Private,4 Year,6662,15595,22257,15595,22257
Palm Beach Atlantic University,Florida,FL,Private,4 Year,10120,31450,41570,31450,41570
Panola College,Texas,TX,Public,2 Year,5016,2400,7416,5190,10206
Paris Junior College,Texas,TX,Public,2 Year,5000,2400,7400,5400,10400
Park University,Missouri,MO,Private,4 Year,8200,12650,20850,12650,20850
Parsons The New School for Design,New York,NY,Private,4 Year,18000,49847,67847,49847,67847
Patrick Henry College,Virginia,VA,Private,4 Year,10728,27922,38650,27922,38650
Paul Quinn College,Texas,TX,Private,4 Year,6000,8495,14495,8495,14495
Paul Smith's College,New York,NY,Private,4 Year,12240,28484,40724,28484,40724
Pearl River Community College,Mississippi,MS,Public,2 Year,4900,3500,8400,5898,10798
Penn State Abington,Pennsylvania,PA,Public,4 Year,8100,14524,22624,23278,31378
Penn State Altoona,Pennsylvania,PA,Public,4 Year,11570,15198,26768,24450,36020
Penn State Beaver,Pennsylvania,PA,Public,4 Year,11570,13702,25272,21886,33456
Penn State Berks,Pennsylvania,PA,Public,4 Year,12730,15198,27928,24450,37180
Penn State Brandywine,Pennsylvania,PA,Public,4 Year,12180,14468,26648,23028,35208
"Penn State Erie, The Behrend College",Pennsylvania,PA,Public,4 Year,11570,15198,26768,24450,36020
Penn State Greater Allegheny,Pennsylvania,PA,Public,4 Year,11570,13702,25272,21886,33456
Penn State Harrisburg,Pennsylvania,PA,Public,4 Year,13280,15198,28478,24450,37730
Penn State Hazleton,Pennsylvania,PA,Public,4 Year,11570,14468,26038,23028,34598
Penn State Mont Alto,Pennsylvania,PA,Public,4 Year,11570,13702,25272,21886,33456
Penn State Schuylkill,Pennsylvania,PA,Public,4 Year,8618,14468,23086,23028,31646
Penn State University Park,Pennsylvania,PA,Public,4 Year,11570,18454,30024,34858,46428
Pennsylvania College of Technology,Pennsylvania,PA,Public,4 Year,11544,16740,28284,23880,35424
Pennsylvania Institute of Technology,Pennsylvania,PA,Private,2 Year,6000,13365,19365,13365,19365
Pepperdine University,California,CA,Private,4 Year,15320,53932,69252,53932,69252
Peru State College,Nebraska,NE,Public,4 Year,8010,7452,15462,7482,15492
Pfeiffer University,North Carolina,NC,Private,4 Year,11226,30234,41460,30234,41460
Philander Smith College,Arkansas,AR,Private,4 Year,8250,12414,20664,12414,20664
Piedmont College,Georgia,GA,Private,4 Year,10168,25920,36088,25920,36088
Piedmont International University,North Carolina,NC,Private,4 Year,7810,10970,18780,10970,18780
Pierpont Community and Technical College,West Virginia,WV,Public,2 Year,9980,4918,14898,11472,21452
Pine Manor College,Massachusetts,MA,Private,4 Year,13830,31660,45490,31660,45490
Pittsburg State University,Kansas,KS,Public,4 Year,7778,7298,15076,18642,26420
Pitzer College,California,CA,Private,4 Year,16844,54056,70900,54056,70900
Plymouth State University,New Hampshire,NH,Public,4 Year,11100,14099,25199,22769,33869
Point Loma Nazarene University,California,CA,Private,4 Year,10450,35700,46150,35700,46150
Point Park University,Pennsylvania,PA,Private,4 Year,12200,31450,43650,31450,43650
Point University,Georgia,GA,Private,4 Year,7900,20600,28500,20600,28500
Pomona College,California,CA,Private,4 Year,16716,52780,69496,52780,69496
Pontifical College Josephinum,Ohio,OH,Private,4 Year,10600,23285,33885,23285,33885
Portland State University,Oregon,OR,Public,4 Year,10428,9105,19533,27060,37488
Post University,Connecticut,CT,For Profit,4 Year,11600,31050,42650,31050,42650
Potomac State College of West Virginia University,West Virginia,WV,Public,2 Year,8524,4488,13012,11376,19900
Prairie View A&M University,Texas,TX,Public,4 Year,8925,10533,19458,24843,33768
Pratt Community College,Kansas,KS,Public,2 Year,5641,3428,9069,3728,9369
Pratt Institute,New York,NY,Private,4 Year,12622,51870,64492,51870,64492
Presbyterian College,South Carolina,SC,Private,4 Year,10480,38660,49140,38660,49140
Prescott College,Arizona,AZ,Private,4 Year,7700,31485,39185,31485,39185
Presentation College,South Dakota,SD,Private,4 Year,9578,19995,29573,19995,29573
Princeton University,New Jersey,NJ,Private,4 Year,16290,49330,65620,49330,65620
Principia College,Illinois,IL,Private,4 Year,11610,29470,41080,29470,41080
Providence Christian College,California,CA,Private,4 Year,9694,29372,39066,29372,39066
Providence College,Rhode Island,RI,Private,4 Year,14700,50390,65090,50390,65090
Purdue University,Indiana,IN,Public,4 Year,10030,9992,20022,28794,38824
Purdue University Northwest,Indiana,IN,Public,4 Year,7640,7686,15326,17368,25008
Queens University of Charlotte,North Carolina,NC,Private,4 Year,10860,34684,45544,34684,45544
Quincy University,Illinois,IL,Private,4 Year,10500,28462,38962,28462,38962
Quinnipiac University,Connecticut,CT,Private,4 Year,14540,47960,62500,47960,62500
Rabbi Jacob Joseph School,New Jersey,NJ,Private,4 Year,3300,14400,17700,14400,17700
Rabbinical Academy Mesivta Rabbi Chaim Berlin,New York,NY,Private,4 Year,3000,12800,15800,12800,15800
Rabbinical College Beth Shraga,New York,NY,Private,4 Year,5700,13550,19250,13550,19250
Rabbinical College Bobover Yeshiva B'nei Zion,New York,NY,Private,4 Year,4500,7750,12250,7750,12250
Rabbinical College of America,New Jersey,NJ,Private,4 Year,7500,11500,19000,11500,19000
Rabbinical College of Long Island,New York,NY,Private,4 Year,4900,11575,16475,11575,16475
Rabbinical College of Ohr Shimon Yisroel,New York,NY,Private,4 Year,1600,13500,15100,13500,15100
Rabbinical College of Telshe,Ohio,OH,Private,4 Year,3000,10800,13800,10800,13800
Rabbinical Seminary of America,New York,NY,Private,4 Year,6000,9800,15800,9800,15800
Radford University,Virginia,VA,Public,4 Year,9406,11210,20616,22845,32251
Rainy River Community College,Minnesota,MN,Public,2 Year,4280,5325,9605,6507,10787
Ramapo College of New Jersey,New Jersey,NJ,Public,4 Year,12450,14374,26824,23715,36165
Randall University,Oklahoma,OK,Private,4 Year,7704,14090,21794,14090,21794
Randolph College,Virginia,VA,Private,4 Year,13580,39585,53165,39585,53165
Randolph-Macon College,Virginia,VA,Private,4 Year,11860,41400,53260,41400,53260
Ranger College,Texas,TX,Public,2 Year,4231,3065,7296,5765,9996
Redlands Community College,Oklahoma,OK,Public,2 Year,7468,5325,12793,7891,15359
Reed College,Oregon,OR,Private,4 Year,14210,56340,70550,56340,70550
Reedley College,California,CA,Public,2 Year,6668,1420,8088,9160,15828
Regent University,Virginia,VA,Private,4 Year,9120,18108,27228,18108,27228
Regis College,Massachusetts,MA,Private,4 Year,15180,41015,56195,41015,56195
Regis University,Colorado,CO,Private,4 Year,11560,36810,48370,36810,48370
Reinhardt University,Georgia,GA,Private,4 Year,10200,23300,33500,23300,33500
Rensselaer Polytechnic Institute,New York,NY,Private,4 Year,15260,53880,69140,53880,69140
Research College of Nursing,Missouri,MO,For Profit,4 Year,9970,37600,47570,37600,47570
Restaurant School at Walnut Hill College,Pennsylvania,PA,For Profit,4 Year,7200,13580,20780,13580,20780
Rhode Island College,Rhode Island,RI,Public,4 Year,11829,8929,20758,21692,33521
Rhode Island School of Design,Rhode Island,RI,Private,4 Year,13400,50960,64360,50960,64360
Rhodes College,Tennessee,TN,Private,4 Year,11403,47890,59293,47890,59293
Rice University,Texas,TX,Private,4 Year,14000,47350,61350,47350,61350
Richard Bland College,Virginia,VA,Public,2 Year,12204,8100,20304,21810,34014
Rider University,New Jersey,NJ,Private,4 Year,14700,41310,56010,41310,56010
Ringling College of Art and Design,Florida,FL,Private,4 Year,15070,46420,61490,46420,61490
Rio Salado College,Arizona,AZ,Public,2 Year,7584,1898,9482,6222,13806
Ripon College,Wisconsin,WI,Private,4 Year,8400,43808,52208,43808,52208
Rivier University,New Hampshire,NH,Private,4 Year,12526,31790,44316,31790,44316
Roanoke College,Virginia,VA,Private,4 Year,13690,44030,57720,44030,57720
Robert Morris University,Pennsylvania,PA,Private,4 Year,11400,30300,41700,30300,41700
Roberts Wesleyan College,New York,NY,Private,4 Year,10628,31818,42446,31818,42446
Rochester College,Michigan,MI,Private,4 Year,7376,24218,31594,24218,31594
Rochester Institute of Technology,New York,NY,Private,4 Year,13046,44130,57176,44130,57176
Rockford University,Illinois,IL,Private,4 Year,8660,30930,39590,30930,39590
Rockhurst University,Missouri,MO,Private,4 Year,10200,37590,47790,37590,47790
Rocky Mountain College,Montana,MT,Private,4 Year,8330,28512,36842,28512,36842
Roger Williams University,Rhode Island,RI,Private,4 Year,15890,34522,50412,34522,50412
Rogers State University,Oklahoma,OK,Public,4 Year,8616,6870,15486,15210,23826
Rollins College,Florida,FL,Private,4 Year,14735,49760,64495,49760,64495
Roosevelt University,Illinois,IL,Private,4 Year,13223,29832,43055,29832,43055
Rose State College,Oklahoma,OK,Public,2 Year,6370,4319,10689,10696,17066
Rose-Hulman Institute of Technology,Indiana,IN,Private,4 Year,14766,49871,64637,49871,64637
Rosedale Bible College,Ohio,OH,Private,2 Year,5650,8731,14381,8731,14381
Rosemont College,Pennsylvania,PA,Private,4 Year,12438,19900,32338,19900,32338
Rowan University,New Jersey,NJ,Public,4 Year,12552,13697,26249,22339,34891
Rust College,Mississippi,MS,Private,4 Year,4300,9900,14200,9900,14200
Rutgers University,New Jersey,NJ,Public,4 Year,12706,14974,27680,31282,43988
"Rutgers, The State University of New Jersey: Camden Campus",New Jersey,NJ,Public,4 Year,12336,14835,27171,30613,42949
"Rutgers, The State University of New Jersey: Newark Campus",New Jersey,NJ,Public,4 Year,13536,14409,27945,30717,44253
Sacred Heart Major Seminary,Michigan,MI,Private,4 Year,10675,19840,30515,19840,30515
Sacred Heart University,Connecticut,CT,Private,4 Year,15310,41420,56730,41420,56730
Saginaw Valley State University,Michigan,MI,Public,4 Year,10186,10308,20494,24215,34401
Saint Anselm College,New Hampshire,NH,Private,4 Year,14500,41200,55700,41200,55700
Saint Augustine's University,North Carolina,NC,Private,4 Year,7692,17890,25582,17890,25582
Saint Bonaventure University,New York,NY,Private,4 Year,13055,34301,47356,34301,47356
Saint Cloud State University,Minnesota,MN,Public,4 Year,8900,8912,17812,17146,26046
Saint Joseph's College,Indiana,IN,Private,4 Year,13280,34880,48160,34880,48160
Saint Joseph's College of Maine,Maine,ME,Private,4 Year,13680,35650,49330,35650,49330
Saint Joseph's University,Pennsylvania,PA,Private,4 Year,14840,44973,59813,44973,59813
Saint Leo University,Florida,FL,Private,4 Year,10570,22280,32850,22280,32850
Saint Louis University,Missouri,MO,Private,4 Year,12290,43884,56174,43884,56174
Saint Martin's University,Washington,WA,Private,4 Year,11445,37356,48801,37356,48801
Saint Mary's College,Indiana,IN,Private,4 Year,12580,42220,54800,42220,54800
Saint Mary's College of California,California,CA,Private,4 Year,15370,47280,62650,47280,62650
Saint Michael's College,Vermont,VT,Private,4 Year,12220,45375,57595,45375,57595
Saint Peter's University,New Jersey,NJ,Private,4 Year,15414,37486,52900,37486,52900
Saint Thomas University,Florida,FL,Private,4 Year,11700,33222,44922,33222,44922
Saint Xavier University,Illinois,IL,Private,4 Year,11340,33880,45220,33880,45220
Salem College,North Carolina,NC,Private,4 Year,11850,29416,41266,29416,41266
Salem International University,West Virginia,WV,For Profit,4 Year,7480,12920,20400,12920,20400
Salem State University,Massachusetts,MA,Public,4 Year,12722,10884,23606,17024,29746
Salisbury University,Maryland,MD,Public,4 Year,11950,9824,21774,19526,31476
Salve Regina University,Rhode Island,RI,Private,4 Year,14500,40550,55050,40550,55050
Sam Houston State University,Texas,TX,Public,4 Year,9386,10183,19569,22633,32019
Samford University,Alabama,AL,Private,4 Year,10550,31650,42200,31650,42200
San Diego Christian College,California,CA,Private,4 Year,11640,31404,43044,31404,43044
San Diego State University,California,CA,Public,4 Year,16735,7488,24223,19368,36103
San Francisco Art Institute,California,CA,Private,4 Year,15709,46534,62243,46534,62243
San Francisco Conservatory of Music,California,CA,Private,4 Year,14510,46110,60620,46110,60620
San Francisco State University,California,CA,Public,4 Year,15151,7260,22411,19140,34291
San Jose State University,California,CA,Public,4 Year,16442,7796,24238,17300,33742
Santa Clara University,California,CA,Private,4 Year,14910,51711,66621,51711,66621
Sarah Lawrence College,New York,NY,Private,4 Year,15370,55900,71270,55900,71270
Savannah College of Art and Design,Georgia,GA,Private,4 Year,14550,36630,51180,36630,51180
Savannah State University,Georgia,GA,Public,4 Year,7762,6794,14556,19870,27632
School of the Art Institute of Chicago,Illinois,IL,Private,4 Year,15890,49270,65160,49270,65160
School of the Museum of Fine Arts,Massachusetts,MA,Private,4 Year,14560,56382,70942,56382,70942
School of Visual Arts,New York,NY,For Profit,4 Year,17500,39900,57400,39900,57400
Schreiner University,Texas,TX,Private,4 Year,10508,27960,38468,27960,38468
Scripps College,California,CA,Private,4 Year,16932,55024,71956,55024,71956
Seattle Pacific University,Washington,WA,Private,4 Year,11796,42939,54735,42939,54735
Seattle University,Washington,WA,Private,4 Year,12288,44610,56898,44610,56898
Selma University,Alabama,AL,Private,4 Year,6400,7885,14285,7885,14285
Seminole State College,Oklahoma,OK,Public,2 Year,7070,5040,12110,11160,18230
Seton Hall University,New Jersey,NJ,Private,4 Year,15800,42470,58270,42470,58270
Seton Hill University,Pennsylvania,PA,Private,4 Year,11884,35748,47632,35748,47632
Sewanee: The University of the South,Tennessee,TN,Private,4 Year,12880,45120,58000,45120,58000
Seward County Community College,Kansas,KS,Public,2 Year,5010,2970,7980,4110,9120
Shasta Bible College and Graduate School,California,CA,Private,4 Year,2800,11350,14150,11350,14150
Shaw University,North Carolina,NC,Private,4 Year,8158,16480,24638,16480,24638
Shawnee State University,Ohio,OH,Public,4 Year,10864,8556,19420,14714,25578
Shenandoah University,Virginia,VA,Private,4 Year,10370,32530,42900,32530,42900
Shepherd University,West Virginia,WV,Public,4 Year,10500,7548,18048,18048,28548
Sheridan College,Wyoming,WY,Public,2 Year,7443,3396,10839,7908,15351
Shippensburg University of Pennsylvania,Pennsylvania,PA,Public,4 Year,12268,12718,24986,20510,32778
Shor Yoshuv Rabbinical College,New York,NY,Private,4 Year,6000,9460,15460,9460,15460
Shoreline Community College,Washington,WA,Public,2 Year,10260,4730,14990,7268,17528
Shorter University,Georgia,GA,Private,4 Year,9400,22370,31770,22370,31770
Siena College,New York,NY,Private,4 Year,15000,37575,52575,37575,52575
Siena Heights University,Michigan,MI,Private,4 Year,10620,27124,37744,27124,37744
Sierra College,California,CA,Public,2 Year,11063,1430,12493,9010,20073
Sierra Nevada College,Nevada,NV,Private,4 Year,13357,34241,47598,34241,47598
Silver Lake College of the Holy Family,Wisconsin,WI,Private,4 Year,8400,28390,36790,28390,36790
Simmons College,Massachusetts,MA,Private,4 Year,15200,40800,56000,40800,56000
Simpson College,Iowa,IA,Private,4 Year,8380,39144,47524,39144,47524
Simpson University,California,CA,Private,4 Year,8140,27700,35840,27700,35840
Skidmore College,New York,NY,Private,4 Year,14494,54420,68914,54420,68914
Slippery Rock University of Pennsylvania,Pennsylvania,PA,Public,4 Year,10312,10517,20829,18233,28545
Smith College,Massachusetts,MA,Private,4 Year,17520,52404,69924,52404,69924
Snead State Community College,Alabama,AL,Public,2 Year,3611,4800,8411,8670,12281
Snow College,Utah,UT,Public,2 Year,3388,3742,7130,12562,15950
Soka University of America,California,CA,Private,4 Year,12530,31310,43840,31310,43840
Sonoma State University,California,CA,Public,4 Year,13960,7798,21758,19678,33638
South Carolina State University,South Carolina,SC,Public,4 Year,9890,11060,20950,21750,31640
South Dakota School of Mines and Technology,South Dakota,SD,Public,4 Year,8440,9779,18219,14021,22461
South Dakota State University,South Dakota,SD,Public,4 Year,7896,8764,16660,12128,20024
South Georgia State College,Georgia,GA,Public,4 Year,8540,3810,12350,11556,20096
South Plains College,Texas,TX,Public,2 Year,4368,2762,7130,4922,9290
Southeast Community College,Nebraska,NE,Public,2 Year,4930,3128,8058,3758,8688
Southeast Missouri State University,Missouri,MO,Public,4 Year,8935,7418,16353,13155,22090
Southeastern Baptist College,Mississippi,MS,Private,4 Year,1700,6550,8250,6550,8250
Southeastern Louisiana University,Louisiana,LA,Public,4 Year,8420,8165,16585,20643,29063
Southeastern Oklahoma State University,Oklahoma,OK,Public,4 Year,6970,6750,13720,15390,22360
Southeastern University,Florida,FL,Private,4 Year,9550,25360,34910,25360,34910
Southern Adventist University,Tennessee,TN,Private,4 Year,6940,21950,28890,21950,28890
Southern Arkansas University,Arkansas,AR,Public,4 Year,6240,8676,14916,12786,19026
Southern Arkansas University Tech,Arkansas,AR,Public,2 Year,2800,5250,8050,6690,9490
Southern California Seminary,California,CA,Private,4 Year,5580,13300,18880,13300,18880
Southern Connecticut State University,Connecticut,CT,Public,4 Year,12860,10875,23735,22115,34975
Southern Illinois University Carbondale,Illinois,IL,Public,4 Year,10622,14704,25326,14704,25326
Southern Illinois University Edwardsville,Illinois,IL,Public,4 Year,11121,12132,23253,25817,36938
Southern Maine Community College,Maine,ME,Public,2 Year,9488,3820,13308,6640,16128
Southern Methodist University,Texas,TX,Private,4 Year,16845,54493,71338,54493,71338
Southern Nazarene University,Oklahoma,OK,Private,4 Year,8496,25188,33684,25188,33684
Southern New Hampshire University,New Hampshire,NH,Private,4 Year,13120,31136,44256,31136,44256
Southern Oregon University,Oregon,OR,Public,4 Year,13199,9654,22853,25584,38783
Southern University and Agricultural and Mechanical College,Louisiana,LA,Public,4 Year,9105,9123,18228,16472,25577
Southern University at New Orleans,Louisiana,LA,Public,4 Year,9040,9371,18411,11160,20200
Southern University at Shreveport,Louisiana,LA,Public,2 Year,11390,4380,15770,4380,15770
Southern Utah University,Utah,UT,Public,4 Year,7090,6769,13859,20585,27675
Southern Vermont College,Vermont,VT,Private,4 Year,11000,25511,36511,25511,36511
Southern Virginia University,Virginia,VA,Private,4 Year,6766,16495,23261,16495,23261
Southern Wesleyan University,South Carolina,SC,Private,4 Year,9030,25476,34506,25476,34506
Southwest Baptist University,Missouri,MO,Private,4 Year,7720,24010,31730,24010,31730
Southwest Minnesota State University,Minnesota,MN,Public,4 Year,7985,8632,16617,8632,16617
Southwest Mississippi Community College,Mississippi,MS,Public,2 Year,3750,3280,7030,5980,9730
Southwest Texas Junior College,Texas,TX,Public,2 Year,4600,2978,7578,5808,10408
Southwestern Adventist University,Texas,TX,Private,4 Year,7600,21564,29164,21564,29164
Southwestern Assemblies of God University,Texas,TX,Private,4 Year,7500,20952,28452,20952,28452
Southwestern Baptist Theological Seminary,Texas,TX,Private,4 Year,2650,11740,14390,11740,14390
Southwestern Christian College,Texas,TX,Private,4 Year,6042,8364,14406,8364,14406
Southwestern Christian University,Oklahoma,OK,Private,4 Year,7100,18630,25730,18630,25730
Southwestern College,Kansas,KS,Private,4 Year,7760,30150,37910,30150,37910
Southwestern Community College,Iowa,IA,Public,2 Year,7660,5910,13570,6120,13780
Southwestern Michigan College,Michigan,MI,Public,2 Year,6500,5145,11645,6675,13175
Southwestern Oklahoma State University,Oklahoma,OK,Public,4 Year,5830,7035,12865,13935,19765
Southwestern Oregon Community College,Oregon,OR,Public,2 Year,7857,6009,13866,6009,13866
Southwestern University,Texas,TX,Private,4 Year,12000,42000,54000,42000,54000
Spalding University,Kentucky,KY,Private,4 Year,7600,24500,32100,24500,32100
Spartanburg Methodist College,South Carolina,SC,Private,2 Year,9375,17035,26410,17035,26410
Spelman College,Georgia,GA,Private,4 Year,13865,29314,43179,29314,43179
Spring Arbor University,Michigan,MI,Private,4 Year,10010,28810,38820,28810,38820
Spring Hill College,Alabama,AL,Private,4 Year,13462,39464,52926,39464,52926
Springfield College,Massachusetts,MA,Private,4 Year,12550,37445,49995,37445,49995
St. Ambrose University,Iowa,IA,Private,4 Year,10470,30894,41364,30894,41364
St. Andrews University,North Carolina,NC,Private,4 Year,10706,26648,37354,26648,37354
St. Catherine University,Minnesota,MN,Private,4 Year,9260,39669,48929,39669,48929
St. Charles Borromeo Seminary - Overbrook,Pennsylvania,PA,Private,4 Year,13700,21275,34975,21275,34975
St. Edward's University,Texas,TX,Private,4 Year,13650,45428,59078,45428,59078
St. Francis College,New York,NY,Private,4 Year,14500,26188,40688,26188,40688
St. Francis Medical Center College of Nursing,Illinois,IL,Private,4 Year,3700,20460,24160,20460,24160
St. Francis University,Pennsylvania,PA,Private,4 Year,12122,36410,48532,36410,48532
St. Gregory's University,Oklahoma,OK,Private,4 Year,8662,22050,30712,22050,30712
St. John Fisher College,New York,NY,Private,4 Year,12400,34310,46710,34310,46710
St. John Vianney College Seminary,Florida,FL,Private,4 Year,11000,21000,32000,21000,32000
St. John's College,Maryland,MD,Private,4 Year,12602,53218,65820,53218,65820
St. John's College,New Mexico,NM,Private,4 Year,12148,54118,66266,54118,66266
St. John's University,New York,NY,Private,4 Year,17280,41760,59040,41760,59040
St. John's University,Minnesota,MN,Private,4 Year,10319,44990,55309,44990,55309
St. Joseph Seminary College,Louisiana,LA,Private,4 Year,15150,17800,32950,17800,32950
St. Joseph's College of Nursing,New York,NY,Private,2 Year,6000,21195,27195,21195,27195
St. Lawrence University,New York,NY,Private,4 Year,14134,54846,68980,54846,68980
St. Louis Christian College,Missouri,MO,Private,4 Year,5050,11560,16610,11560,16610
St. Mary's College of Maryland,Maryland,MD,Public,4 Year,13202,14806,28008,30568,43770
St. Mary's University,Texas,TX,Private,4 Year,10270,30650,40920,30650,40920
St. Mary's University of Minnesota,Minnesota,MN,Private,4 Year,9080,35140,44220,35140,44220
St. Mary-of-the-Woods College,Indiana,IN,Private,4 Year,10914,29510,40424,29510,40424
St. Norbert College,Wisconsin,WI,Private,4 Year,9954,38129,48083,38129,48083
St. Olaf College,Minnesota,MN,Private,4 Year,10850,47840,58690,47840,58690
St. Thomas Aquinas College,New York,NY,Private,4 Year,13250,31950,45200,31950,45200
St. Vincent College,Pennsylvania,PA,Private,4 Year,11470,35874,47344,35874,47344
Stanford University,California,CA,Private,4 Year,15763,51354,67117,51354,67117
State Fair Community College,Missouri,MO,Public,2 Year,5300,3750,9050,7200,12500
State Technical College of Missouri,Missouri,MO,Public,2 Year,5840,6120,11960,11160,17000
Stephen F. Austin State University,Texas,TX,Public,4 Year,8964,10287,19251,22737,31701
Stephens College,Missouri,MO,Private,4 Year,10632,30950,41582,30950,41582
Sterling College,Vermont,VT,Private,4 Year,9900,38800,48700,38800,48700
Sterling College,Kansas,KS,Private,4 Year,8280,26000,34280,26000,34280
Stetson University,Florida,FL,Private,4 Year,13052,46030,59082,46030,59082
Stevens Institute of Technology,New Jersey,NJ,Private,4 Year,15244,52202,67446,52202,67446
Stevenson University,Maryland,MD,Private,4 Year,13130,36182,49312,36182,49312
Stillman College,Alabama,AL,Private,4 Year,7394,10938,18332,10938,18332
Stockton University,New Jersey,NJ,Public,4 Year,12282,13739,26021,20866,33148
Stonehill College,Massachusetts,MA,Private,4 Year,16000,42746,58746,42746,58746
Suffolk University,Massachusetts,MA,Private,4 Year,17846,38566,56412,38566,56412
Sul Ross State University,Texas,TX,Public,4 Year,8242,8309,16551,20759,29001
Sullivan County Community College,New York,NY,Public,2 Year,9828,5690,15518,10504,20332
SUM Bible College & Theological Seminary,California,CA,Private,4 Year,3375,9865,13240,9865,13240
SUNY College at Brockport,New York,NY,Public,4 Year,13358,8412,21770,18192,31550
SUNY College at Buffalo,New York,NY,Public,4 Year,14050,8210,22260,17990,32040
SUNY College at Cortland,New York,NY,Public,4 Year,12486,8558,21044,18338,30824
SUNY College at Fredonia,New York,NY,Public,4 Year,12630,8488,21118,18268,30898
SUNY College at Geneseo,New York,NY,Public,4 Year,13610,8651,22261,18431,32041
SUNY College at New Paltz,New York,NY,Public,4 Year,13462,8254,21716,18034,31496
SUNY College at Old Westbury,New York,NY,Public,4 Year,11530,8143,19673,17923,29453
SUNY College at Oneonta,New York,NY,Public,4 Year,12794,8166,20960,17816,30610
SUNY College at Oswego,New York,NY,Public,4 Year,14140,8440,22580,18220,32360
SUNY College at Plattsburgh,New York,NY,Public,4 Year,12988,8479,21467,18259,31247
SUNY College at Potsdam,New York,NY,Public,4 Year,13390,8462,21852,18242,31632
SUNY College at Purchase,New York,NY,Public,4 Year,13764,8698,22462,18478,32242
SUNY College of Agriculture and Technology at Cobleskill,New York,NY,Public,2 Year,13350,8654,22004,18434,31784
SUNY College of Agriculture and Technology at Morrisville,New York,NY,Public,4 Year,13550,8481,22031,12943,26493
SUNY College of Environmental Science and Forestry,New York,NY,Public,4 Year,16600,8804,25404,18584,35184
SUNY College of Technology at Alfred,New York,NY,Public,4 Year,12570,8570,21140,18350,30920
SUNY College of Technology at Canton,New York,NY,Public,2 Year,12900,8389,21289,18169,31069
SUNY College of Technology at Delhi,New York,NY,Public,2 Year,12360,8360,20720,12330,24690
SUNY Farmingdale State College,New York,NY,Public,4 Year,13238,8306,21544,18086,31324
SUNY Maritime College,New York,NY,Public,4 Year,12522,8283,20805,18063,30585
SUNY Polytechnic Institute,New York,NY,Public,4 Year,12722,8448,21170,18228,30950
SUNY University at Albany,New York,NY,Public,4 Year,13664,9756,23420,26596,40260
SUNY University at Binghamton,New York,NY,Public,4 Year,15058,9808,24866,24488,39546
SUNY University at Buffalo,New York,NY,Public,4 Year,14213,10099,24312,27769,41982
SUNY University at Stony Brook,New York,NY,Public,4 Year,13698,9625,23323,27295,40993
Susquehanna University,Pennsylvania,PA,Private,4 Year,12630,47290,59920,47290,59920
Sussex County Community College,New Jersey,NJ,Public,2 Year,4155,6750,10905,10950,15105
Swarthmore College,Pennsylvania,PA,Private,4 Year,15474,52588,68062,52588,68062
Sweet Briar College,Virginia,VA,Private,4 Year,13000,21000,34000,21000,34000
Syracuse University,New York,NY,Private,4 Year,15550,51853,67403,51853,67403
Tabor College,Kansas,KS,Private,4 Year,9850,28245,38095,28245,38095
Taft College,California,CA,Public,2 Year,4942,1380,6322,9120,14062
Talladega College,Alabama,AL,Private,4 Year,6704,12510,19214,12510,19214
Talmudic University,Florida,FL,Private,4 Year,8000,13250,21250,13250,21250
Talmudical Academy of New Jersey,New Jersey,NJ,Private,4 Year,3000,13300,16300,13300,16300
Talmudical Institute of Upstate New York,New York,NY,Private,4 Year,4400,6150,10550,6150,10550
Talmudical Seminary Oholei Torah,New York,NY,Private,4 Year,7700,9800,17500,9800,17500
Talmudical Yeshiva of Philadelphia,Pennsylvania,PA,Private,4 Year,7425,9075,16500,9075,16500
Tarleton State University,Texas,TX,Public,4 Year,11800,9077,20877,21412,33212
Taylor University,Indiana,IN,Private,4 Year,9614,34114,43728,34114,43728
Temple University,Pennsylvania,PA,Public,4 Year,11916,16970,28886,29066,40982
Tennessee State University,Tennessee,TN,Public,4 Year,7806,8008,15814,21364,29170
Tennessee Technological University,Tennessee,TN,Public,4 Year,9736,9103,18839,25759,35495
Tennessee Wesleyan University,Tennessee,TN,Private,4 Year,7880,24800,32680,24800,32680
Texas A&M International University,Texas,TX,Public,4 Year,8320,8640,16960,22260,30580
Texas A&M University,Texas,TX,Public,4 Year,10436,10968,21404,36442,46878
Texas A&M University-Commerce,Texas,TX,Public,4 Year,8750,8748,17498,21198,29948
Texas A&M University-Corpus Christi,Texas,TX,Public,4 Year,10220,9909,20129,22131,32351
Texas A&M University-Kingsville,Texas,TX,Public,4 Year,8760,8462,17222,20912,29672
Texas A&M University-Texarkana,Texas,TX,Public,4 Year,8732,7024,15756,22060,30792
Texas Christian University,Texas,TX,Private,4 Year,12804,46950,59754,46950,59754
Texas College,Texas,TX,Private,4 Year,8000,10008,18008,10008,18008
Texas Lutheran University,Texas,TX,Private,4 Year,9720,30050,39770,30050,39770
Texas Southern University,Texas,TX,Public,4 Year,10282,9173,19455,21623,31905
Texas State Technical College,Texas,TX,Public,2 Year,5494,5250,10744,10020,15514
Texas State University,Texas,TX,Public,4 Year,9374,10935,20309,23385,32759
Texas Tech University,Texas,TX,Public,4 Year,9530,11045,20575,23495,33025
Texas Wesleyan University,Texas,TX,Private,4 Year,10559,30300,40859,30300,40859
Texas Woman's University,Texas,TX,Public,4 Year,8181,9368,17549,21818,29999
Thaddeus Stevens College of Technology,Pennsylvania,PA,Public,2 Year,8330,8030,16360,8030,16360
The Citadel,South Carolina,SC,Public,4 Year,6904,14289,21193,36761,43665
The College of New Jersey,New Jersey,NJ,Public,4 Year,13617,16551,30168,28266,41883
The King's College,New York,NY,Private,4 Year,14000,36450,50450,36450,50450
The Master's University and Seminary,California,CA,Private,4 Year,11200,25390,36590,25390,36590
The New School College of Performing Arts,New York,NY,Private,4 Year,18000,48191,66191,48191,66191
The Sage Colleges,New York,NY,Private,4 Year,12618,30857,43475,30857,43475
Thiel College,Pennsylvania,PA,Private,4 Year,12600,31700,44300,31700,44300
Thomas Aquinas College,California,CA,Private,4 Year,8400,25000,33400,25000,33400
Thomas College,Maine,ME,Private,4 Year,11250,26900,38150,26900,38150
Thomas Jefferson University: East Falls,Pennsylvania,PA,Private,4 Year,13465,40501,53966,40501,53966
Thomas More College,Kentucky,KY,Private,4 Year,7950,31120,39070,31120,39070
Thomas More College of Liberal Arts,New Hampshire,NH,Private,4 Year,9700,21600,31300,21600,31300
Thomas University,Georgia,GA,Private,4 Year,4800,16940,21740,16940,21740
Three Rivers Community College,Missouri,MO,Public,2 Year,3440,4110,7550,6990,10430
Tiffin University,Ohio,OH,Private,4 Year,10600,25000,35600,25000,35600
Tillamook Bay Community College,Oregon,OR,Public,2 Year,4082,4860,8942,5760,9842
Toccoa Falls College,Georgia,GA,Private,4 Year,8330,22744,31074,22744,31074
Tohono O'odham Community College,Arizona,AZ,Public,2 Year,7622,987,8609,987,8609
Tompkins Cortland Community College,New York,NY,Public,2 Year,11220,6046,17266,11296,22516
Torah Temimah Talmudical Seminary,New York,NY,Private,4 Year,3500,11050,14550,11050,14550
Tougaloo College,Mississippi,MS,Private,4 Year,6643,10790,17433,10790,17433
Touro College,New York,NY,Private,4 Year,10396,16953,27349,16953,27349
Towson University,Maryland,MD,Public,4 Year,13034,9940,22974,23208,36242
Transylvania University,Kentucky,KY,Private,4 Year,10460,38750,49210,38750,49210
Treasure Valley Community College,Oregon,OR,Public,2 Year,7283,5445,12728,5895,13178
Trevecca Nazarene University,Tennessee,TN,Private,4 Year,8400,25598,33998,25598,33998
Trine University,Indiana,IN,Private,4 Year,10810,32175,42985,32175,42985
Trinidad State Junior College,Colorado,CO,Public,2 Year,6898,4972,11870,7951,14849
Trinity Baptist College,Florida,FL,Private,4 Year,7040,12140,19180,12140,19180
Trinity Bible College,North Dakota,ND,Private,4 Year,6132,16320,22452,16320,22452
Trinity Christian College,Illinois,IL,Private,4 Year,9790,30650,40440,30650,40440
Trinity College,Connecticut,CT,Private,4 Year,14750,56910,71660,56910,71660
Trinity College of Florida,Florida,FL,Private,4 Year,6650,16340,22990,16340,22990
Trinity International University,Illinois,IL,Private,4 Year,9900,32390,42290,32390,42290
Trinity University,Texas,TX,Private,4 Year,13464,42976,56440,42976,56440
Trinity Valley Community College,Texas,TX,Public,2 Year,6590,2640,9230,5970,12560
Troy University,Alabama,AL,Public,4 Year,8185,12460,20645,22875,31060
Truett McConnell University,Georgia,GA,Private,4 Year,7550,20230,27780,20230,27780
Truman State University,Missouri,MO,Public,4 Year,8780,7729,16509,14581,23361
Tufts University,Massachusetts,MA,Private,4 Year,14560,56382,70942,56382,70942
Tulane University,Louisiana,LA,Private,4 Year,15190,54820,70010,54820,70010
Tusculum College,Tennessee,TN,Private,4 Year,9190,24860,34050,24860,34050
Tuskegee University,Alabama,AL,Private,4 Year,9650,22170,31820,22170,31820
Tyler Junior College,Texas,TX,Public,2 Year,7940,2962,10902,5482,13422
U.T.A. Mesivta-Kiryas Joel,New York,NY,Private,4 Year,4600,11000,15600,11000,15600
Union College,Nebraska,NE,Private,4 Year,7070,23780,30850,23780,30850
Union College,Kentucky,KY,Private,4 Year,7600,27140,34740,27140,34740
Union College,New York,NY,Private,4 Year,13563,55290,68853,55290,68853
Union University,Tennessee,TN,Private,4 Year,10200,32890,43090,32890,43090
United Talmudical Seminary,New York,NY,Private,4 Year,1500,13800,15300,13800,15300
United Tribes Technical College,North Dakota,ND,Private,2 Year,5084,4482,9566,4482,9566
Unity College,Maine,ME,Private,4 Year,10710,29160,39870,29160,39870
University of Akron,Ohio,OH,Public,4 Year,12200,11463,23663,17750,29950
University of Alabama,Alabama,AL,Public,4 Year,10102,10780,20882,29230,39332
University of Alabama at Birmingham,Alabama,AL,Public,4 Year,6400,10710,17110,24630,31030
University of Alabama in Huntsville,Alabama,AL,Public,4 Year,10094,10714,20808,22362,32456
University of Alaska Anchorage,Alaska,AK,Public,4 Year,12200,7688,19888,23858,36058
University of Alaska Fairbanks,Alaska,AK,Public,4 Year,8930,8087,17017,24257,33187
University of Alaska Southeast,Alaska,AK,Public,4 Year,9200,7092,16292,19404,28604
University of Antelope Valley,California,CA,Private,4 Year,6640,17738,24378,17738,24378
University of Arizona,Arizona,AZ,Public,4 Year,12550,12487,25037,36386,48936
University of Arkansas,Arkansas,AR,Public,4 Year,11020,9130,20150,25168,36188
University of Arkansas at Fort Smith,Arkansas,AR,Public,4 Year,8416,7128,15544,15969,24385
University of Arkansas at Little Rock,Arkansas,AR,Public,4 Year,8930,8966,17896,21206,30136
University of Arkansas at Monticello,Arkansas,AR,Public,4 Year,6824,7696,14520,13546,20370
University of Arkansas at Pine Bluff,Arkansas,AR,Public,4 Year,7881,7842,15723,14094,21975
University of Bridgeport,Connecticut,CT,Private,4 Year,13860,32850,46710,32850,46710
University of California: Berkeley,California,CA,Public,4 Year,16160,14184,30344,43176,59336
University of California: Davis,California,CA,Public,4 Year,16211,14463,30674,43458,59669
University of California: Irvine,California,CA,Public,4 Year,15263,15614,30877,44606,59869
University of California: Los Angeles,California,CA,Public,4 Year,15816,13774,29590,42766,58582
University of California: Merced,California,CA,Public,4 Year,16454,13627,30081,41641,58095
University of California: Riverside,California,CA,Public,4 Year,17475,15633,33108,44625,62100
University of California: San Diego,California,CA,Public,4 Year,12362,14199,26561,43191,55553
University of California: Santa Barbara,California,CA,Public,4 Year,15273,14424,29697,43416,58689
University of California: Santa Cruz,California,CA,Public,4 Year,16407,14009,30416,42023,58430
University of Central Arkansas,Arkansas,AR,Public,4 Year,6854,8751,15605,15274,22128
University of Central Florida,Florida,FL,Public,4 Year,9617,6368,15985,22467,32084
University of Central Missouri,Missouri,MO,Public,4 Year,8766,7673,16439,14442,23208
University of Central Oklahoma,Oklahoma,OK,Public,4 Year,7970,7488,15458,18376,26346
University of Charleston,West Virginia,WV,Private,4 Year,9180,30900,40080,30900,40080
University of Chicago,Illinois,IL,Private,4 Year,16350,58230,74580,58230,74580
University of Cincinnati,Ohio,OH,Public,4 Year,11118,11000,22118,26334,37452
University of Colorado Boulder,Colorado,CO,Public,4 Year,14418,12532,26950,37286,51704
University of Colorado Colorado Springs,Colorado,CO,Public,4 Year,10500,10463,20963,24893,35393
University of Connecticut,Connecticut,CT,Public,4 Year,12874,15730,28604,38098,50972
University of Dallas,Texas,TX,Private,4 Year,12400,40652,53052,40652,53052
University of Dayton,Ohio,OH,Private,4 Year,13580,42900,56480,42900,56480
University of Delaware,Delaware,DE,Public,4 Year,12862,13680,26542,34310,47172
University of Denver,Colorado,CO,Private,4 Year,13005,50556,63561,50556,63561
University of Detroit Mercy,Michigan,MI,Private,4 Year,9496,28000,37496,28000,37496
University of Dubuque,Iowa,IA,Private,4 Year,9930,34110,44040,34110,44040
University of Evansville,Indiana,IN,Private,4 Year,12460,36416,48876,36416,48876
University of Findlay,Ohio,OH,Private,4 Year,10000,34360,44360,34360,44360
University of Florida,Florida,FL,Public,4 Year,10120,6381,16501,28658,38778
University of Georgia,Georgia,GA,Public,4 Year,10038,11830,21868,30404,40442
University of Great Falls,Montana,MT,Private,4 Year,9200,25318,34518,25318,34518
University of Hartford,Connecticut,CT,Private,4 Year,12476,40694,53170,40694,53170
University of Hawaii at Hilo,Hawaii,HI,Public,4 Year,11406,7720,19126,20680,32086
University of Hawaii at Manoa,Hawaii,HI,Public,4 Year,13689,11970,25659,34002,47691
University of Hawaii: Hawaii Community College,Hawaii,HI,Public,2 Year,10418,3915,14333,10515,20933
University of Houston,Texas,TX,Public,4 Year,10270,12506,22776,27956,38226
University of Houston-Victoria,Texas,TX,Public,4 Year,8045,7970,16015,20420,28465
University of Idaho,Idaho,ID,Public,4 Year,8880,7864,16744,25500,34380
University of Illinois at Chicago,Illinois,IL,Public,4 Year,12074,13764,25838,26980,39054
University of Illinois at Urbana-Champaign,Illinois,IL,Public,4 Year,11308,15094,26402,31664,42972
University of Illinois: Springfield,Illinois,IL,Public,4 Year,11660,11813,23473,21338,32998
University of Indianapolis,Indiana,IN,Private,4 Year,10288,29688,39976,29688,39976
University of Iowa,Iowa,IA,Public,4 Year,11172,9267,20439,31233,42405
University of Jamestown,North Dakota,ND,Private,4 Year,7570,21976,29546,21976,29546
University of Kansas,Kansas,KS,Public,4 Year,10350,11148,21498,27358,37708
University of Kentucky,Kentucky,KY,Public,4 Year,12982,12245,25227,29099,42081
University of La Verne,California,CA,Private,4 Year,12850,43050,55900,43050,55900
University of Louisiana at Lafayette,Louisiana,LA,Public,4 Year,8516,10616,19132,24344,32860
University of Louisiana at Monroe,Louisiana,LA,Public,4 Year,7850,8734,16584,20834,28684
University of Louisville,Kentucky,KY,Public,4 Year,9226,11656,20882,27278,36504
University of Lynchburg,Virginia,VA,Private,4 Year,10800,39530,50330,39530,50330
University of Maine,Maine,ME,Public,4 Year,10418,11170,21588,30970,41388
University of Maine at Farmington,Maine,ME,Public,4 Year,9726,9666,19392,19778,29504
University of Maine at Fort Kent,Maine,ME,Public,4 Year,8220,8115,16335,12315,20535
University of Maine at Machias,Maine,ME,Public,4 Year,8486,7840,16326,15100,23586
University of Maine at Presque Isle,Maine,ME,Public,4 Year,8406,8035,16441,12235,20641
University of Mary,North Dakota,ND,Private,4 Year,6890,18720,25610,18720,25610
University of Mary Hardin-Baylor,Texas,TX,Private,4 Year,8446,28750,37196,28750,37196
University of Mary Washington,Virginia,VA,Public,4 Year,11118,12188,23306,27434,38552
University of Maryland: Baltimore County,Maryland,MD,Public,4 Year,11696,11778,23474,26872,38568
University of Maryland: College Park,Maryland,MD,Public,4 Year,12429,10595,23024,35216,47645
University of Maryland: Eastern Shore,Maryland,MD,Public,4 Year,9864,8302,18166,18508,28372
University of Massachusetts Amherst,Massachusetts,MA,Public,4 Year,13202,16072,29274,34755,47957
University of Massachusetts Boston,Massachusetts,MA,Public,4 Year,16290,14167,30457,33966,50256
University of Massachusetts Dartmouth,Massachusetts,MA,Public,4 Year,13582,13921,27503,29141,42723
University of Massachusetts Lowell,Massachusetts,MA,Public,4 Year,12748,15180,27928,32827,45575
University of Memphis,Tennessee,TN,Public,4 Year,9975,9701,19676,21413,31388
University of Miami,Florida,FL,Private,4 Year,14108,50226,64334,50226,64334
University of Michigan,Michigan,MI,Public,4 Year,11534,15262,26796,49350,60884
University of Michigan: Flint,Michigan,MI,Public,4 Year,8769,11820,20589,22578,31347
University of Minnesota: Crookston,Minnesota,MN,Public,4 Year,7658,11921,19579,11921,19579
University of Minnesota: Duluth,Minnesota,MN,Public,4 Year,7760,13367,21127,18485,26245
University of Minnesota: Morris,Minnesota,MN,Public,4 Year,8342,13314,21656,15342,23684
University of Minnesota: Rochester,Minnesota,MN,Public,4 Year,9710,13352,23062,13352,23062
University of Minnesota: Twin Cities,Minnesota,MN,Public,4 Year,10312,14693,25005,30371,40683
University of Mississippi,Mississippi,MS,Public,4 Year,10696,8660,19356,24614,35310
University of Missouri: Columbia,Missouri,MO,Public,4 Year,10786,12055,22841,29025,39811
University of Missouri: Kansas City,Missouri,MO,Public,4 Year,10334,9884,20218,25010,35344
University of Missouri: St. Louis,Missouri,MO,Public,4 Year,9450,10491,19941,27900,37350
University of Mobile,Alabama,AL,Private,4 Year,9600,22820,32420,22820,32420
University of Montana,Montana,MT,Public,4 Year,9544,7244,16788,24959,34503
University of Montana: Western,Montana,MT,Public,4 Year,7950,5717,13667,17179,25129
University of Montevallo,Alabama,AL,Public,4 Year,9330,12760,22090,25780,35110
University of Mount Olive,North Carolina,NC,Private,4 Year,8550,20600,29150,20600,29150
University of Mount Union,Ohio,OH,Private,4 Year,10200,31260,41460,31260,41460
University of Nebraska - Kearney,Nebraska,NE,Public,4 Year,9878,7513,17391,14503,24381
University of Nebraska - Lincoln,Nebraska,NE,Public,4 Year,11430,9154,20584,24949,36379
University of Nebraska - Omaha,Nebraska,NE,Public,4 Year,9950,8417,18367,22689,32639
University of Nevada: Las Vegas,Nevada,NV,Public,4 Year,10504,7985,18489,22457,32961
University of Nevada: Reno,Nevada,NV,Public,4 Year,10868,7925,18793,22397,33265
University of New England,Maine,ME,Private,4 Year,13990,37620,51610,37620,51610
University of New Hampshire,New Hampshire,NH,Public,4 Year,11580,18499,30079,33879,45459
University of New Haven,Connecticut,CT,Private,4 Year,15900,39270,55170,39270,55170
University of New Mexico,New Mexico,NM,Public,4 Year,9864,5445,15309,26845,36709
University of New Orleans,Louisiana,LA,Public,4 Year,10575,9054,19629,13890,24465
University of North Alabama,Alabama,AL,Public,4 Year,9200,10370,19570,18680,27880
University of North Carolina at Asheville,North Carolina,NC,Public,4 Year,9106,7145,16251,23868,32974
University of North Carolina at Chapel Hill,North Carolina,NC,Public,4 Year,11190,8987,20177,35170,46360
University of North Carolina at Charlotte,North Carolina,NC,Public,4 Year,11100,7044,18144,20478,31578
University of North Carolina at Greensboro,North Carolina,NC,Public,4 Year,9038,7319,16357,22478,31516
University of North Carolina at Pembroke,North Carolina,NC,Public,4 Year,8924,3418,12342,7418,16342
University of North Carolina at Wilmington,North Carolina,NC,Public,4 Year,10686,7000,17686,21065,31751
University of North Carolina School of the Arts,North Carolina,NC,Public,4 Year,9021,9358,18379,25501,34522
University of North Dakota,North Dakota,ND,Public,4 Year,8974,8695,17669,20759,29733
University of North Florida,Florida,FL,Public,4 Year,9976,6394,16370,20112,30088
University of North Georgia,Georgia,GA,Public,4 Year,7876,7336,15212,21148,29024
University of North Texas,Texas,TX,Public,4 Year,9727,11250,20977,23700,33427
University of Northern Colorado,Colorado,CO,Public,4 Year,11204,9786,20990,21474,32678
University of Northern Iowa,Iowa,IA,Public,4 Year,8948,8938,17886,19480,28428
University of Northwestern - St. Paul,Minnesota,MN,Private,4 Year,9460,31540,41000,31540,41000
University of Northwestern Ohio,Ohio,OH,Private,4 Year,2850,10650,13500,10650,13500
University of Notre Dame,Indiana,IN,Private,4 Year,15410,53391,68801,53391,68801
University of Oklahoma,Oklahoma,OK,Public,4 Year,10994,11763,22757,27144,38138
University of Oregon,Oregon,OR,Public,4 Year,12963,11898,24861,35478,48441
University of Pennsylvania,Pennsylvania,PA,Private,4 Year,15616,55584,71200,55584,71200
University of Pikeville,Kentucky,KY,Private,4 Year,7800,20950,28750,20950,28750
University of Pittsburgh,Pennsylvania,PA,Public,4 Year,11050,19080,30130,32052,43102
University of Pittsburgh at Bradford,Pennsylvania,PA,Public,4 Year,9332,13900,23232,25144,34476
University of Pittsburgh at Johnstown,Pennsylvania,PA,Public,4 Year,9980,13878,23858,25122,35102
University of Pittsburgh at Titusville,Pennsylvania,PA,Public,2 Year,10996,11788,22784,21532,32528
University of Portland,Oregon,OR,Private,4 Year,13450,45904,59354,45904,59354
University of Puget Sound,Washington,WA,Private,4 Year,12540,49776,62316,49776,62316
University of Redlands,California,CA,Private,4 Year,14278,49504,63782,49504,63782
University of Rhode Island,Rhode Island,RI,Public,4 Year,12950,14138,27088,30862,43812
University of Richmond,Virginia,VA,Private,4 Year,12250,52610,64860,52610,64860
University of Rio Grande,Ohio,OH,Private,4 Year,11166,27470,38636,27470,38636
University of Rochester,New York,NY,Private,4 Year,15938,53926,69864,53926,69864
University of Saint Francis,Indiana,IN,Private,4 Year,9840,30615,40455,30615,40455
University of Saint Joseph,Connecticut,CT,Private,4 Year,11428,39173,50601,39173,50601
University of San Diego,California,CA,Private,4 Year,12980,49358,62338,49358,62338
University of San Francisco,California,CA,Private,4 Year,14830,48066,62896,48066,62896
University of Science and Arts of Oklahoma,Oklahoma,OK,Public,4 Year,6350,7215,13565,17565,23915
University of Scranton,Pennsylvania,PA,Private,4 Year,15182,44532,59714,44532,59714
University of Sioux Falls,South Dakota,SD,Private,4 Year,7350,18280,25630,18280,25630
University of South Alabama,Alabama,AL,Public,4 Year,7620,9870,17490,19740,27360
University of South Carolina: Aiken,South Carolina,SC,Public,4 Year,7766,10760,18526,21218,28984
University of South Carolina: Upstate,South Carolina,SC,Public,4 Year,9480,11763,21243,23265,32745
University of South Dakota,South Dakota,SD,Public,4 Year,8216,9061,17277,12425,20641
University of South Florida,Florida,FL,Public,4 Year,11610,6410,18020,17324,28934
University of South Florida: Saint Petersburg,Florida,FL,Public,4 Year,11610,5821,17431,16735,28345
University of Southern California,California,CA,Private,4 Year,15395,56225,71620,56225,71620
University of Southern Indiana,Indiana,IN,Public,4 Year,8838,7970,16808,18626,27464
University of Southern Maine,Maine,ME,Public,4 Year,9450,9520,18970,22780,32230
University of Southern Mississippi,Mississippi,MS,Public,4 Year,9857,8734,18591,10734,20591
University of St. Francis,Illinois,IL,Private,4 Year,9544,32320,41864,32320,41864
University of St. Mary,Kansas,KS,Private,4 Year,8140,28810,36950,28810,36950
University of St. Thomas,Texas,TX,Private,4 Year,9070,33580,42650,33580,42650
University of St. Thomas,Minnesota,MN,Private,4 Year,10412,42736,53148,42736,53148
University of Tampa,Florida,FL,Private,4 Year,10810,29208,40018,29208,40018
University of Tennessee: Chattanooga,Tennessee,TN,Public,4 Year,9050,8664,17714,24782,33832
University of Tennessee: Knoxville,Tennessee,TN,Public,4 Year,11240,13006,24246,31196,42436
University of Tennessee: Martin,Tennessee,TN,Public,4 Year,6164,9512,15676,15552,21716
University of Texas at Arlington,Texas,TX,Public,4 Year,10302,10250,20552,25134,35436
University of Texas at Austin,Texas,TX,Public,4 Year,10804,10606,21410,37480,48284
University of Texas at Dallas,Texas,TX,Public,4 Year,11532,13034,24566,36876,48408
University of Texas at El Paso,Texas,TX,Public,4 Year,5040,7998,13038,22529,27569
University of Texas at San Antonio,Texas,TX,Public,4 Year,11578,9900,21478,24262,35840
University of Texas at Tyler,Texas,TX,Public,4 Year,9502,8292,17794,21522,31024
University of Texas of the Permian Basin,Texas,TX,Public,4 Year,9846,7124,16970,19574,29420
University Of Texas Rio Grande Valley,Texas,TX,Public,4 Year,8124,7813,15937,20263,28387
University of the Arts,Pennsylvania,PA,Private,4 Year,16322,44780,61102,44780,61102
University of the Cumberlands,Kentucky,KY,Private,4 Year,9000,23000,32000,23000,32000
University of the Incarnate Word,Texas,TX,Private,4 Year,12716,31484,44200,31484,44200
University of the Ozarks,Arkansas,AR,Private,4 Year,7400,24230,31630,24230,31630
University of the Pacific,California,CA,Private,4 Year,13650,48040,61690,48040,61690
University of the Sciences,Pennsylvania,PA,Private,4 Year,15938,25000,40938,25000,40938
University of the Southwest,New Mexico,NM,Private,4 Year,8220,16000,24220,16000,24220
University of the West,California,CA,Private,4 Year,7764,15440,23204,15440,23204
University of Toledo,Ohio,OH,Public,4 Year,11434,9795,21229,19133,30567
University of Tulsa,Oklahoma,OK,Private,4 Year,11116,41509,52625,41509,52625
University of Utah,Utah,UT,Public,4 Year,10262,9222,19484,29215,39477
University of Valley Forge,Pennsylvania,PA,Private,4 Year,9886,21238,31124,21238,31124
University of Vermont,Vermont,VT,Public,4 Year,12462,18276,30738,42516,54978
University of Virginia,Virginia,VA,Public,4 Year,11590,17564,29154,48465,60055
University of Virginia's College at Wise,Virginia,VA,Public,4 Year,10438,10119,20557,27176,37614
University of Washington,Washington,WA,Public,4 Year,12798,11517,24315,36898,49696
University of Washington Bothell,Washington,WA,Public,4 Year,11877,11138,23015,36519,48396
University of Washington Tacoma,Washington,WA,Public,4 Year,11028,11361,22389,36742,47770
University of West Alabama,Alabama,AL,Public,4 Year,8116,10040,18156,18490,26606
University of West Florida,Florida,FL,Public,4 Year,9942,6360,16302,18628,28570
University of West Georgia,Georgia,GA,Public,4 Year,10918,7292,18210,20774,31692
University of Wisconsin-Eau Claire,Wisconsin,WI,Public,4 Year,7813,8820,16633,17096,24909
University of Wisconsin-Green Bay,Wisconsin,WI,Public,4 Year,6609,7878,14487,15728,22337
University of Wisconsin-La Crosse,Wisconsin,WI,Public,4 Year,6331,9106,15437,17924,24255
University of Wisconsin-Madison,Wisconsin,WI,Public,4 Year,11114,10555,21669,36805,47919
University of Wisconsin-Marathon County,Wisconsin,WI,Public,2 Year,5236,5174,10410,12746,17982
University of Wisconsin-Marinette,Wisconsin,WI,Public,2 Year,4743,5145,9888,12717,17460
University of Wisconsin-Milwaukee,Wisconsin,WI,Public,4 Year,10728,11084,21812,22364,33092
University of Wisconsin-Oshkosh,Wisconsin,WI,Public,4 Year,7448,8820,16268,16393,23841
University of Wisconsin-Parkside,Wisconsin,WI,Public,4 Year,8026,7529,15555,15518,23544
University of Wisconsin-Platteville,Wisconsin,WI,Public,4 Year,7580,7571,15151,15421,23001
University of Wisconsin-River Falls,Wisconsin,WI,Public,4 Year,6513,7862,14375,15435,21948
University of Wisconsin-Stevens Point,Wisconsin,WI,Public,4 Year,7522,8088,15610,16355,23877
University of Wisconsin-Stout,Wisconsin,WI,Public,4 Year,6924,9457,16381,17423,24347
University of Wisconsin-Superior,Wisconsin,WI,Public,4 Year,6792,8126,14918,15699,22491
University of Wisconsin-Whitewater,Wisconsin,WI,Public,4 Year,6786,7692,14478,16265,23051
University of Wyoming,Wyoming,WY,Public,4 Year,10320,5400,15720,17490,27810
Upper Iowa University,Iowa,IA,Private,4 Year,8454,30450,38904,30450,38904
Urbana University,Ohio,OH,Private,4 Year,9998,23700,33698,23700,33698
Ursinus College,Pennsylvania,PA,Private,4 Year,12750,52050,64800,52050,64800
Ursuline College,Ohio,OH,Private,4 Year,10776,32390,43166,32390,43166
Utah State University,Utah,UT,Public,4 Year,6400,7424,13824,21505,27905
Utica College,New York,NY,Private,4 Year,11248,21382,32630,21382,32630
Valdosta State University,Georgia,GA,Public,4 Year,8110,7476,15586,20958,29068
Valley City State University,North Dakota,ND,Public,4 Year,6446,7626,14072,17166,23612
Valley Forge Military College,Pennsylvania,PA,Private,2 Year,16600,29975,46575,29975,46575
Valparaiso University,Indiana,IN,Private,4 Year,11860,40260,52120,40260,52120
Vanderbilt University,Tennessee,TN,Private,4 Year,16234,49816,66050,49816,66050
VanderCook College of Music,Illinois,IL,Private,4 Year,13192,28434,41626,28434,41626
Vanguard University of Southern California,California,CA,Private,4 Year,10520,33700,44220,33700,44220
Vassar College,New York,NY,Private,4 Year,13550,56960,70510,56960,70510
Vaughn College of Aeronautics and Technology,New York,NY,Private,4 Year,14550,25710,40260,25710,40260
Vermilion Community College,Minnesota,MN,Public,2 Year,6290,5324,11614,6506,12796
Vermont Technical College,Vermont,VT,Public,4 Year,10598,15108,25706,27780,38378
Vernon College,Texas,TX,Public,2 Year,4096,3000,7096,6300,10396
Victor Valley College,California,CA,Public,2 Year,5418,1402,6820,9142,14560
Villanova University,Pennsylvania,PA,Private,4 Year,14020,53308,67328,53308,67328
Vincennes University,Indiana,IN,Public,2 Year,9990,5902,15892,13959,23949
Virginia Commonwealth University,Virginia,VA,Public,4 Year,10428,14490,24918,35138,45566
Virginia Military Institute,Virginia,VA,Public,4 Year,9428,18862,28290,45706,55134
Virginia Polytechnic Institute and State University,Virginia,VA,Public,4 Year,8934,13620,22554,31304,40238
Virginia State University,Virginia,VA,Public,4 Year,11208,9056,20264,19576,30784
Virginia Union University,Virginia,VA,Private,4 Year,8598,17448,26046,17448,26046
Virginia University of Lynchburg,Virginia,VA,Private,4 Year,9400,9000,18400,9000,18400
Virginia Wesleyan University,Virginia,VA,Private,4 Year,9256,36660,45916,36660,45916
Visible Music College,Tennessee,TN,Private,4 Year,6000,19500,25500,19500,25500
Viterbo University,Wisconsin,WI,Private,4 Year,9060,27970,37030,27970,37030
Voorhees College,South Carolina,SC,Private,4 Year,7346,12630,19976,12630,19976
W.L. Bonner Bible College,South Carolina,SC,Private,4 Year,2576,8868,11444,8868,11444
Wabash College,Indiana,IN,Private,4 Year,10050,43450,53500,43450,53500
Wagner College,New York,NY,Private,4 Year,14124,47090,61214,47090,61214
Wake Forest University,North Carolina,NC,Private,4 Year,16032,53322,69354,53322,69354
Waldorf University,Iowa,IA,Private,4 Year,7524,22076,29600,22076,29600
Walla Walla University,Washington,WA,Private,4 Year,4275,28035,32310,28035,32310
Wallace State Community College at Hanceville,Alabama,AL,Public,2 Year,4600,4740,9340,8610,13210
Walsh University,Ohio,OH,Private,4 Year,10680,29980,40660,29980,40660
Warner Pacific University,Oregon,OR,Private,4 Year,9630,18740,28370,18740,28370
Warner University,Florida,FL,Private,4 Year,8520,21840,30360,21840,30360
Warren Wilson College,North Carolina,NC,Private,4 Year,10980,36280,47260,36280,47260
Wartburg College,Iowa,IA,Private,4 Year,9996,41280,51276,41280,51276
Washburn University,Kansas,KS,Public,4 Year,8237,8870,17107,19940,28177
Washington & Jefferson College,Pennsylvania,PA,Private,4 Year,12676,47964,60640,47964,60640
Washington Adventist University,Maryland,MD,Private,4 Year,9370,23900,33270,23900,33270
Washington and Lee University,Virginia,VA,Private,4 Year,13925,52455,66380,52455,66380
Washington College,Maryland,MD,Private,4 Year,12414,46978,59392,46978,59392
Washington County Community College,Maine,ME,Public,2 Year,5340,3618,8958,6438,11778
Washington State University,Washington,WA,Public,4 Year,11398,11581,22979,26365,37763
Washington University in St. Louis,Missouri,MO,Private,4 Year,16440,53399,69839,53399,69839
"Watkins College of Art, Design & Film",Tennessee,TN,Private,4 Year,6750,24450,31200,24450,31200
Wayland Baptist University,Texas,TX,Private,4 Year,7992,20070,28062,20070,28062
Wayne State College,Nebraska,NE,Public,4 Year,7668,6989,14657,12299,19967
Wayne State University,Michigan,MI,Public,4 Year,10427,13347,23774,28241,38668
Waynesburg University,Pennsylvania,PA,Private,4 Year,10164,24820,34984,24820,34984
Weatherford College,Texas,TX,Public,2 Year,7580,2550,10130,5610,13190
Webb Institute,New York,NY,Private,4 Year,15050,50175,65225,50175,65225
Webber International University,Florida,FL,Private,4 Year,9150,26116,35266,26116,35266
Weber State University,Utah,UT,Public,4 Year,6279,5831,12110,16585,22864
Webster University,Missouri,MO,Private,4 Year,11050,27900,38950,27900,38950
Welch College,Tennessee,TN,Private,4 Year,7704,19012,26716,19012,26716
Wellesley College,Massachusetts,MA,Private,4 Year,16468,53732,70200,53732,70200
Wells College,New York,NY,Private,4 Year,14100,40700,54800,40700,54800
Wenatchee Valley College,Washington,WA,Public,2 Year,4020,4467,8487,4903,8923
Wentworth Institute of Technology,Massachusetts,MA,Private,4 Year,14190,33950,48140,33950,48140
Wentworth Military Junior College,Missouri,MO,Private,2 Year,6800,20900,27700,20900,27700
Wesley College,Delaware,DE,Private,4 Year,11717,26406,38123,26406,38123
Wesleyan College,Georgia,GA,Private,4 Year,9860,23000,32860,23000,32860
Wesleyan University,Connecticut,CT,Private,4 Year,15060,54914,69974,54914,69974
West Chester University of Pennsylvania,Pennsylvania,PA,Public,4 Year,9716,10412,20128,21986,31702
West Hills College: Coalinga,California,CA,Public,2 Year,7977,1380,9357,11130,19107
West Liberty University,West Virginia,WV,Public,4 Year,9406,7730,17136,15670,25076
West Texas A&M University,Texas,TX,Public,4 Year,7196,8849,16045,10476,17672
West Virginia State University,West Virginia,WV,Public,4 Year,11892,8167,20059,16072,27964
West Virginia University,West Virginia,WV,Public,4 Year,10918,8856,19774,24950,35868
West Virginia University Institute of Technology,West Virginia,WV,Public,4 Year,11390,7464,18854,18648,30038
West Virginia Wesleyan College,West Virginia,WV,Private,4 Year,8856,31640,40496,31640,40496
Western Carolina University,North Carolina,NC,Public,4 Year,9682,4220,13902,8220,17902
Western Connecticut State University,Connecticut,CT,Public,4 Year,13072,10819,23891,22059,35131
Western Illinois University,Illinois,IL,Public,4 Year,9630,11267,20897,11267,20897
Western Iowa Tech Community College,Iowa,IA,Public,2 Year,5650,5340,10990,5370,11020
Western Kentucky University,Kentucky,KY,Public,4 Year,8343,10602,18945,26496,34839
Western Michigan University,Michigan,MI,Public,4 Year,10143,12483,22626,15373,25516
Western Nebraska Community College,Nebraska,NE,Public,2 Year,6766,2820,9586,2928,9694
Western New England University,Massachusetts,MA,Private,4 Year,13590,36804,50394,36804,50394
Western New Mexico University,New Mexico,NM,Public,4 Year,9136,6824,15960,15231,24367
Western Oklahoma State College,Oklahoma,OK,Public,2 Year,5250,4250,9500,8605,13855
Western Oregon University,Oregon,OR,Public,4 Year,10415,9540,19955,26415,36830
Western State Colorado University,Colorado,CO,Public,4 Year,9635,10114,19749,21586,31221
Western Technical College,Wisconsin,WI,Public,2 Year,6584,4408,10992,6373,12957
Western Texas College,Texas,TX,Public,2 Year,5293,3840,9133,6210,11503
Western Washington University,Washington,WA,Public,4 Year,11466,8132,19598,23544,35010
Western Wyoming Community College,Wyoming,WY,Public,2 Year,5740,2712,8452,7224,12964
Westfield State University,Massachusetts,MA,Public,4 Year,10948,10429,21377,16509,27457
Westminster College,Utah,UT,Private,4 Year,9524,34300,43824,34300,43824
Westminster College,Pennsylvania,PA,Private,4 Year,11130,36806,47936,36806,47936
Westminster College,Missouri,MO,Private,4 Year,10140,27600,37740,27600,37740
Westmont College,California,CA,Private,4 Year,14296,45304,59600,45304,59600
Wharton County Junior College,Texas,TX,Public,2 Year,4200,3030,7230,6120,10320
Wheaton College,Massachusetts,MA,Private,4 Year,13424,52626,66050,52626,66050
Wheaton College,Illinois,IL,Private,4 Year,10180,36420,46600,36420,46600
Wheeling Jesuit University,West Virginia,WV,Private,4 Year,9900,29290,39190,29290,39190
Whitman College,Washington,WA,Private,4 Year,13174,51764,64938,51764,64938
Whittier College,California,CA,Private,4 Year,14410,48086,62496,48086,62496
Whitworth University,Washington,WA,Private,4 Year,11496,43640,55136,43640,55136
Wichita State University,Kansas,KS,Public,4 Year,11252,8271,19523,17452,28704
Widener University,Pennsylvania,PA,Private,4 Year,14446,45948,60394,45948,60394
Wilberforce University,Ohio,OH,Private,4 Year,7000,13250,20250,13250,20250
Wiley College,Texas,TX,Private,4 Year,7084,13152,20236,13152,20236
Wilkes University,Pennsylvania,PA,Private,4 Year,14682,36194,50876,36194,50876
Willamette University,Oregon,OR,Private,4 Year,12440,50074,62514,50074,62514
William Carey University,Mississippi,MS,Private,4 Year,6810,12600,19410,12600,19410
William Jessup University,California,CA,Private,4 Year,11320,32950,44270,32950,44270
William Jewell College,Missouri,MO,Private,4 Year,9930,34400,44330,34400,44330
William Paterson University of New Jersey,New Jersey,NJ,Public,4 Year,11445,13060,24505,21260,32705
William Peace University,North Carolina,NC,Private,4 Year,11100,30500,41600,30500,41600
William Penn University,Iowa,IA,Private,4 Year,6952,25600,32552,25600,32552
William Woods University,Missouri,MO,Private,4 Year,9700,24110,33810,24110,33810
Williams Baptist University,Arkansas,AR,Private,4 Year,8070,17320,25390,17320,25390
Williams College,Massachusetts,MA,Private,4 Year,14500,55450,69950,55450,69950
Williston State College,North Dakota,ND,Public,2 Year,7950,5304,13254,5304,13254
Wilmington College,Ohio,OH,Private,4 Year,9925,25675,35600,25675,35600
Wilson College,Pennsylvania,PA,Private,4 Year,11594,24595,36189,24595,36189
Wingate University,North Carolina,NC,Private,4 Year,10780,33166,43946,33166,43946
Winona State University,Minnesota,MN,Public,4 Year,9010,9425,18435,15348,24358
Winston-Salem State University,North Carolina,NC,Public,4 Year,9550,5814,15364,16061,25611
Winthrop University,South Carolina,SC,Public,4 Year,9312,15590,24902,29846,39158
Wisconsin Indianhead Technical College,Wisconsin,WI,Public,2 Year,7408,4404,11812,6450,13858
Wisconsin Lutheran College,Wisconsin,WI,Private,4 Year,10190,29725,39915,29725,39915
Wittenberg University,Ohio,OH,Private,4 Year,10356,39500,49856,39500,49856
Wofford College,South Carolina,SC,Private,4 Year,12685,43845,56530,43845,56530
Woodbury University,California,CA,Private,4 Year,11920,39855,51775,39855,51775
Worcester Polytechnic Institute,Massachusetts,MA,Private,4 Year,14774,50530,65304,50530,65304
Worcester State University,Massachusetts,MA,Public,4 Year,12262,10161,22423,16241,28503
Wright State University,Ohio,OH,Public,4 Year,11832,9254,21086,18398,30230
Xavier University,Ohio,OH,Private,4 Year,12780,38530,51310,38530,51310
Xavier University of Louisiana,Louisiana,LA,Private,4 Year,9047,24488,33535,24488,33535
Yale University,Connecticut,CT,Private,4 Year,16000,53430,69430,53430,69430
Yavapai College,Arizona,AZ,Public,2 Year,9698,2610,12308,10980,20678
Yeshiva and Kolel Bais Medrash Elyon,New York,NY,Private,4 Year,2800,11500,14300,11500,14300
Yeshiva Beth Yehuda-Yeshiva Gedolah of Greater Detroit,Michigan,MI,Private,4 Year,4200,6800,11000,6800,11000
Yeshiva College of the Nations Capital,Maryland,MD,Private,4 Year,10400,10200,20600,10200,20600
Yeshiva D'Monsey Rabbinical College,New York,NY,Private,4 Year,2250,7900,10150,7900,10150
Yeshiva Derech Chaim,New York,NY,Private,4 Year,3800,12100,15900,12100,15900
Yeshiva Gedolah Rabbinical College,Florida,FL,Private,4 Year,8500,8300,16800,8300,16800
Yeshiva Karlin Stolin,New York,NY,Private,4 Year,4000,12000,16000,12000,16000
Yeshiva of Nitra,New York,NY,Private,4 Year,4500,8500,13000,8500,13000
Yeshiva Ohr Elchonon Chabad/West Coast Talmudical Seminary,California,CA,Private,4 Year,8700,14300,23000,14300,23000
Yeshiva Shaarei Torah of Rockland,New York,NY,Private,4 Year,3500,12500,16000,12500,16000
Yeshiva University,New York,NY,Private,4 Year,12250,43500,55750,43500,55750
Yeshivath Beth Moshe,Pennsylvania,PA,Private,4 Year,3400,9000,12400,9000,12400
Yeshivath Viznitz,New York,NY,Private,4 Year,4050,10000,14050,10000,14050
York College,Nebraska,NE,Private,4 Year,7220,19310,26530,19310,26530
York College of Pennsylvania,Pennsylvania,PA,Private,4 Year,11200,20100,31300,20100,31300
Young Harris College,Georgia,GA,Private,4 Year,12372,29117,41489,29117,41489
Youngstown State University,Ohio,OH,Public,4 Year,9400,8950,18350,14950,24350
